ZEUS-MP field variables at time =  7.50436786E+03

 x1b (comoving)          x2b             x3b         density         Tgas            Trad 
  1.51454545E+00  1.60000000E+09  1.60000000E+09  6.07165367E-09  3.79834155E+03  3.80312125E+03
  1.54188920E+00  1.60000000E+09  1.60000000E+09  6.13844008E-09  3.80525438E+03  3.80519185E+03
  1.56923295E+00  1.60000000E+09  1.60000000E+09  6.09582659E-09  3.80189760E+03  3.80640548E+03
  1.59657670E+00  1.60000000E+09  1.60000000E+09  6.04042385E-09  3.80468009E+03  3.80957208E+03
  1.62392045E+00  1.60000000E+09  1.60000000E+09  6.13269787E-09  3.81523142E+03  3.81485438E+03
  1.65126420E+00  1.60000000E+09  1.60000000E+09  6.14226021E-09  3.81379153E+03  3.81901982E+03
  1.67860795E+00  1.60000000E+09  1.60000000E+09  5.31792132E-09  3.85722869E+03  3.82779613E+03
  1.70595170E+00  1.60000000E+09  1.60000000E+09  3.36865186E-09  3.92178091E+03  3.82832509E+03
  1.73329545E+00  1.60000000E+09  1.60000000E+09  2.09104650E-09  3.98816443E+03  3.82050716E+03
  1.76063920E+00  1.60000000E+09  1.60000000E+09  1.42271708E-09  4.00508216E+03  3.80861046E+03
  1.78798295E+00  1.60000000E+09  1.60000000E+09  1.07702537E-09  3.94127082E+03  3.79512449E+03
  1.81532670E+00  1.60000000E+09  1.60000000E+09  8.99352047E-10  3.84616516E+03  3.78118329E+03
  1.84267045E+00  1.60000000E+09  1.60000000E+09  8.17860928E-10  3.78245973E+03  3.76735152E+03
  1.87001420E+00  1.60000000E+09  1.60000000E+09  7.91957730E-10  3.75354886E+03  3.75532474E+03
  1.89735795E+00  1.60000000E+09  1.60000000E+09  7.88292550E-10  3.74021669E+03  3.74474755E+03
  1.92470170E+00  1.60000000E+09  1.60000000E+09  7.88152035E-10  3.72976665E+03  3.73438576E+03
  1.95204545E+00  1.60000000E+09  1.60000000E+09  7.88286511E-10  3.71933448E+03  3.72402736E+03
  1.97938920E+00  1.60000000E+09  1.60000000E+09  7.88376644E-10  3.70884450E+03  3.71360732E+03
  2.00673295E+00  1.60000000E+09  1.60000000E+09  7.88464169E-10  3.69828443E+03  3.70312281E+03
  2.03407670E+00  1.60000000E+09  1.60000000E+09  7.88547551E-10  3.68765847E+03  3.69257348E+03
  2.06142045E+00  1.60000000E+09  1.60000000E+09  7.88626757E-10  3.67696453E+03  3.68195832E+03
  2.08876420E+00  1.60000000E+09  1.60000000E+09  7.88702069E-10  3.66620180E+03  3.67127638E+03
  2.11610795E+00  1.60000000E+09  1.60000000E+09  7.88773597E-10  3.65536916E+03  3.66052665E+03
  2.14345170E+00  1.60000000E+09  1.60000000E+09  7.88841498E-10  3.64446554E+03  3.64970813E+03
  2.17079545E+00  1.60000000E+09  1.60000000E+09  7.88905914E-10  3.63348982E+03  3.63881977E+03
  2.19813920E+00  1.60000000E+09  1.60000000E+09  7.88966979E-10  3.62244083E+03  3.62786049E+03
  2.22548295E+00  1.60000000E+09  1.60000000E+09  7.89024825E-10  3.61131740E+03  3.61682919E+03
  2.25282670E+00  1.60000000E+09  1.60000000E+09  7.89079580E-10  3.60011829E+03  3.60572474E+03
  2.28017045E+00  1.60000000E+09  1.60000000E+09  7.89131364E-10  3.58884225E+03  3.59454596E+03
  2.30751420E+00  1.60000000E+09  1.60000000E+09  7.89180296E-10  3.57748797E+03  3.58329166E+03
  2.33485795E+00  1.60000000E+09  1.60000000E+09  7.89226488E-10  3.56605412E+03  3.57196059E+03
  2.36220170E+00  1.60000000E+09  1.60000000E+09  7.89270047E-10  3.55453931E+03  3.56055150E+03
  2.38954545E+00  1.60000000E+09  1.60000000E+09  7.89311076E-10  3.54294213E+03  3.54906306E+03
  2.41688920E+00  1.60000000E+09  1.60000000E+09  7.89349674E-10  3.53126110E+03  3.53749393E+03
  2.44423295E+00  1.60000000E+09  1.60000000E+09  7.89385930E-10  3.51949472E+03  3.52584273E+03
  2.47157670E+00  1.60000000E+09  1.60000000E+09  7.89419927E-10  3.50764143E+03  3.51410802E+03
  2.49892045E+00  1.60000000E+09  1.60000000E+09  7.89451742E-10  3.49569961E+03  3.50228833E+03
  2.52626420E+00  1.60000000E+09  1.60000000E+09  7.89481448E-10  3.48366761E+03  3.49038215E+03
  2.55360795E+00  1.60000000E+09  1.60000000E+09  7.89509104E-10  3.47154372E+03  3.47838792E+03
  2.58095170E+00  1.60000000E+09  1.60000000E+09  7.89534763E-10  3.45932616E+03  3.46630401E+03
  2.60829545E+00  1.60000000E+09  1.60000000E+09  7.89558475E-10  3.44701310E+03  3.45412877E+03
  2.63563920E+00  1.60000000E+09  1.60000000E+09  7.89580293E-10  3.43460265E+03  3.44186049E+03
  2.66298295E+00  1.60000000E+09  1.60000000E+09  7.89600263E-10  3.42209285E+03  3.42949739E+03
  2.69032670E+00  1.60000000E+09  1.60000000E+09  7.89618412E-10  3.40948167E+03  3.41703765E+03
  2.71767045E+00  1.60000000E+09  1.60000000E+09  7.89634774E-10  3.39676702E+03  3.40447937E+03
  2.74501420E+00  1.60000000E+09  1.60000000E+09  7.89649398E-10  3.38394672E+03  3.39182062E+03
  2.77235795E+00  1.60000000E+09  1.60000000E+09  7.89662329E-10  3.37101852E+03  3.37905937E+03
  2.79970170E+00  1.60000000E+09  1.60000000E+09  7.89673577E-10  3.35798007E+03  3.36619354E+03
  2.82704545E+00  1.60000000E+09  1.60000000E+09  7.89683168E-10  3.34482895E+03  3.35322098E+03
  2.85438920E+00  1.60000000E+09  1.60000000E+09  7.89691185E-10  3.33156266E+03  3.34013945E+03
  2.88173295E+00  1.60000000E+09  1.60000000E+09  7.89697674E-10  3.31817856E+03  3.32694664E+03
  2.90907670E+00  1.60000000E+09  1.60000000E+09  7.89702597E-10  3.30467393E+03  3.31364016E+03
  2.93642045E+00  1.60000000E+09  1.60000000E+09  7.89706000E-10  3.29104598E+03  3.30021753E+03
  2.96376420E+00  1.60000000E+09  1.60000000E+09  7.89708085E-10  3.27729174E+03  3.28667617E+03
  2.99110795E+00  1.60000000E+09  1.60000000E+09  7.89708955E-10  3.26340814E+03  3.27301341E+03
  3.01845170E+00  1.60000000E+09  1.60000000E+09  7.89708140E-10  3.24939205E+03  3.25922650E+03
  3.04579545E+00  1.60000000E+09  1.60000000E+09  7.89706083E-10  3.23524008E+03  3.24531253E+03
  3.07313920E+00  1.60000000E+09  1.60000000E+09  7.89702700E-10  3.22094880E+03  3.23126853E+03
  3.10048295E+00  1.60000000E+09  1.60000000E+09  7.89698022E-10  3.20651457E+03  3.21709139E+03
  3.12782670E+00  1.60000000E+09  1.60000000E+09  7.89692051E-10  3.19193362E+03  3.20277786E+03
  3.15517045E+00  1.60000000E+09  1.60000000E+09  7.89684789E-10  3.17720198E+03  3.18832458E+03
  3.18251420E+00  1.60000000E+09  1.60000000E+09  7.89676236E-10  3.16231552E+03  3.17372805E+03
  3.20985795E+00  1.60000000E+09  1.60000000E+09  7.89666386E-10  3.14726988E+03  3.15898460E+03
  3.23720170E+00  1.60000000E+09  1.60000000E+09  7.89655231E-10  3.13206051E+03  3.14409041E+03
  3.26454545E+00  1.60000000E+09  1.60000000E+09  7.89642759E-10  3.11668264E+03  3.12904152E+03
  3.29188920E+00  1.60000000E+09  1.60000000E+09  7.89628957E-10  3.10113124E+03  3.11383375E+03
  3.31923295E+00  1.60000000E+09  1.60000000E+09  7.89613806E-10  3.08540102E+03  3.09846275E+03
  3.34657670E+00  1.60000000E+09  1.60000000E+09  7.89597284E-10  3.06948642E+03  3.08292398E+03
  3.37392045E+00  1.60000000E+09  1.60000000E+09  7.89579368E-10  3.05338157E+03  3.06721267E+03
  3.40126420E+00  1.60000000E+09  1.60000000E+09  7.89560030E-10  3.03708028E+03  3.05132383E+03
  3.42860795E+00  1.60000000E+09  1.60000000E+09  7.89539240E-10  3.02057600E+03  3.03525222E+03
  3.45595170E+00  1.60000000E+09  1.60000000E+09  7.89516966E-10  3.00386179E+03  3.01899234E+03
  3.48329545E+00  1.60000000E+09  1.60000000E+09  7.89493174E-10  2.98693031E+03  3.00253841E+03
  3.51063920E+00  1.60000000E+09  1.60000000E+09  7.89467829E-10  2.96977375E+03  2.98588435E+03
  3.53798295E+00  1.60000000E+09  1.60000000E+09  7.89440891E-10  2.95238381E+03  2.96902376E+03
  3.56532670E+00  1.60000000E+09  1.60000000E+09  7.89412322E-10  2.93475166E+03  2.95194988E+03
  3.59267045E+00  1.60000000E+09  1.60000000E+09  7.89382079E-10  2.91686785E+03  2.93465559E+03
  3.62001420E+00  1.60000000E+09  1.60000000E+09  7.89350115E-10  2.89872229E+03  2.91713337E+03
  3.64735795E+00  1.60000000E+09  1.60000000E+09  7.89316381E-10  2.88030416E+03  2.89937524E+03
  3.67470170E+00  1.60000000E+09  1.60000000E+09  7.89280821E-10  2.86160185E+03  2.88137276E+03
  3.70204545E+00  1.60000000E+09  1.60000000E+09  7.89243376E-10  2.84260285E+03  2.86311700E+03
  3.72938920E+00  1.60000000E+09  1.60000000E+09  7.89203978E-10  2.82329365E+03  2.84459843E+03
  3.75673295E+00  1.60000000E+09  1.60000000E+09  7.89162554E-10  2.80365963E+03  2.82580694E+03
  3.78407670E+00  1.60000000E+09  1.60000000E+09  7.89119023E-10  2.78368491E+03  2.80673176E+03
  3.81142045E+00  1.60000000E+09  1.60000000E+09  7.89073296E-10  2.76335218E+03  2.78736139E+03
  3.83876420E+00  1.60000000E+09  1.60000000E+09  7.89025276E-10  2.74264248E+03  2.76768354E+03
  3.86610795E+00  1.60000000E+09  1.60000000E+09  7.88974858E-10  2.72153501E+03  2.74768506E+03
  3.89345170E+00  1.60000000E+09  1.60000000E+09  7.88921925E-10  2.70000674E+03  2.72735183E+03
  3.92079545E+00  1.60000000E+09  1.60000000E+09  7.88866351E-10  2.67803208E+03  2.70666871E+03
  3.94813920E+00  1.60000000E+09  1.60000000E+09  7.88807995E-10  2.65558238E+03  2.68561938E+03
  3.97548295E+00  1.60000000E+09  1.60000000E+09  7.88746702E-10  2.63262526E+03  2.66418626E+03
  4.00282670E+00  1.60000000E+09  1.60000000E+09  7.88682295E-10  2.60912375E+03  2.64235036E+03
  4.03017045E+00  1.60000000E+09  1.60000000E+09  7.88614572E-10  2.58503514E+03  2.62009114E+03
  4.05751420E+00  1.60000000E+09  1.60000000E+09  7.88543298E-10  2.56030941E+03  2.59738636E+03
  4.08485795E+00  1.60000000E+09  1.60000000E+09  7.88468193E-10  2.53488705E+03  2.57421189E+03
  4.11220170E+00  1.60000000E+09  1.60000000E+09  7.88388917E-10  2.50869616E+03  2.55054161E+03
  4.13954545E+00  1.60000000E+09  1.60000000E+09  7.88305055E-10  2.48164858E+03  2.52634716E+03
  4.16688920E+00  1.60000000E+09  1.60000000E+09  7.88216087E-10  2.45363468E+03  2.50159790E+03
  4.19423295E+00  1.60000000E+09  1.60000000E+09  7.88121365E-10  2.42451684E+03  2.47626079E+03
  4.22157670E+00  1.60000000E+09  1.60000000E+09  7.88020066E-10  2.39412131E+03  2.45030048E+03
  4.24892045E+00  1.60000000E+09  1.60000000E+09  7.87911157E-10  2.36222874E+03  2.42367944E+03
  4.27626420E+00  1.60000000E+09  1.60000000E+09  7.87793343E-10  2.32856401E+03  2.39635848E+03
  4.30360795E+00  1.60000000E+09  1.60000000E+09  7.87665025E-10  2.29278664E+03  2.36829754E+03
  4.33095170E+00  1.60000000E+09  1.60000000E+09  7.87524272E-10  2.25448407E+03  2.33945696E+03
  4.35829545E+00  1.60000000E+09  1.60000000E+09  7.87368819E-10  2.21317135E+03  2.30979941E+03
  4.38563920E+00  1.60000000E+09  1.60000000E+09  7.87196119E-10  2.16830149E+03  2.27929249E+03
  4.41298295E+00  1.60000000E+09  1.60000000E+09  7.87003465E-10  2.11929166E+03  2.24791214E+03
  4.44032670E+00  1.60000000E+09  1.60000000E+09  7.86788199E-10  2.06556880E+03  2.21564666E+03
  4.46767045E+00  1.60000000E+09  1.60000000E+09  7.86548020E-10  2.00663565E+03  2.18250119E+03
  4.49501420E+00  1.60000000E+09  1.60000000E+09  7.86281353E-10  1.94215214E+03  2.14850194E+03
  4.52235795E+00  1.60000000E+09  1.60000000E+09  7.85987729E-10  1.87201972E+03  2.11369958E+03
  4.54970170E+00  1.60000000E+09  1.60000000E+09  7.85668106E-10  1.79645039E+03  2.07817080E+03
  4.57704545E+00  1.60000000E+09  1.60000000E+09  7.85325013E-10  1.71600001E+03  2.04201734E+03
  4.60438920E+00  1.60000000E+09  1.60000000E+09  7.84962481E-10  1.63155181E+03  2.00536232E+03
  4.63173295E+00  1.60000000E+09  1.60000000E+09  7.84585737E-10  1.54424844E+03  1.96834394E+03
  4.65907670E+00  1.60000000E+09  1.60000000E+09  7.84200724E-10  1.45538577E+03  1.93110775E+03
  4.68642045E+00  1.60000000E+09  1.60000000E+09  7.83813545E-10  1.36629182E+03  1.89379866E+03
  4.71376420E+00  1.60000000E+09  1.60000000E+09  7.83429962E-10  1.27821578E+03  1.85655379E+03
  4.74110795E+00  1.60000000E+09  1.60000000E+09  7.83055003E-10  1.19224506E+03  1.81949721E+03
  4.76845170E+00  1.60000000E+09  1.60000000E+09  7.82692745E-10  1.10925805E+03  1.78273672E+03
  4.79579545E+00  1.60000000E+09  1.60000000E+09  7.82346240E-10  1.02991013E+03  1.74636262E+03
  4.82313920E+00  1.60000000E+09  1.60000000E+09  7.82017568E-10  9.54644864E+02  1.71044798E+03
  4.85048295E+00  1.60000000E+09  1.60000000E+09  7.81707952E-10  8.83720725E+02  1.67505000E+03
  4.87782670E+00  1.60000000E+09  1.60000000E+09  7.81417918E-10  8.17244521E+02  1.64021194E+03
  4.90517045E+00  1.60000000E+09  1.60000000E+09  7.81147448E-10  7.55205504E+02  1.60596516E+03
  4.93251420E+00  1.60000000E+09  1.60000000E+09  7.80896124E-10  6.97506366E+02  1.57233125E+03
  4.95985795E+00  1.60000000E+09  1.60000000E+09  7.80663253E-10  6.43989447E+02  1.53932389E+03
  4.98720170E+00  1.60000000E+09  1.60000000E+09  7.80447957E-10  5.94457745E+02  1.50695049E+03
  5.01454545E+00  1.60000000E+09  1.60000000E+09  7.80249256E-10  5.48691071E+02  1.47521356E+03
  5.04188920E+00  1.60000000E+09  1.60000000E+09  7.80066118E-10  5.06458063E+02  1.44411182E+03
  5.06923295E+00  1.60000000E+09  1.60000000E+09  7.79897499E-10  4.67524821E+02  1.41364116E+03
  5.09657670E+00  1.60000000E+09  1.60000000E+09  7.79742373E-10  4.31660924E+02  1.38379527E+03
  5.12392045E+00  1.60000000E+09  1.60000000E+09  7.79599747E-10  3.98643447E+02  1.35456629E+03
  5.15126420E+00  1.60000000E+09  1.60000000E+09  7.79468675E-10  3.68259516E+02  1.32594517E+03
  5.17860795E+00  1.60000000E+09  1.60000000E+09  7.79348264E-10  3.40307795E+02  1.29792207E+03
  5.20595170E+00  1.60000000E+09  1.60000000E+09  7.79237675E-10  3.14599215E+02  1.27048659E+03
  5.23329545E+00  1.60000000E+09  1.60000000E+09  7.79136128E-10  2.90957176E+02  1.24362793E+03
  5.26063920E+00  1.60000000E+09  1.60000000E+09  7.79042896E-10  2.69217403E+02  1.21733513E+03
  5.28798295E+00  1.60000000E+09  1.60000000E+09  7.78957307E-10  2.49227550E+02  1.19159708E+03
  5.31532670E+00  1.60000000E+09  1.60000000E+09  7.78878740E-10  2.30846679E+02  1.16640270E+03
  5.34267045E+00  1.60000000E+09  1.60000000E+09  7.78806624E-10  2.13944636E+02  1.14174092E+03
  5.37001420E+00  1.60000000E+09  1.60000000E+09  7.78740429E-10  1.98401398E+02  1.11760078E+03
  5.39735795E+00  1.60000000E+09  1.60000000E+09  7.78679671E-10  1.84106403E+02  1.09397145E+03
  5.42470170E+00  1.60000000E+09  1.60000000E+09  7.78623905E-10  1.70957889E+02  1.07084226E+03
  5.45204545E+00  1.60000000E+09  1.60000000E+09  7.78572719E-10  1.58862252E+02  1.04820270E+03
  5.47938920E+00  1.60000000E+09  1.60000000E+09  7.78525738E-10  1.47733436E+02  1.02604243E+03
  5.50673295E+00  1.60000000E+09  1.60000000E+09  7.78482616E-10  1.37492352E+02  1.00435134E+03
  5.53407670E+00  1.60000000E+09  1.60000000E+09  7.78443035E-10  1.28066338E+02  9.83119468E+02
  5.56142045E+00  1.60000000E+09  1.60000000E+09  7.78406704E-10  1.19388647E+02  9.62337085E+02
  5.58876420E+00  1.60000000E+09  1.60000000E+09  7.78373356E-10  1.11397981E+02  9.41994643E+02
  5.61610795E+00  1.60000000E+09  1.60000000E+09  7.78342745E-10  1.04038048E+02  9.22082797E+02
  5.64345170E+00  1.60000000E+09  1.60000000E+09  7.78314647E-10  9.72571616E+01  9.02592395E+02
  5.67079545E+00  1.60000000E+09  1.60000000E+09  7.78288854E-10  9.10078666E+01  8.83514478E+02
  5.69813920E+00  1.60000000E+09  1.60000000E+09  7.78265178E-10  8.52465942E+01  8.64840280E+02
  5.72548295E+00  1.60000000E+09  1.60000000E+09  7.78243444E-10  7.99333453E+01  8.46561221E+02
  5.75282670E+00  1.60000000E+09  1.60000000E+09  7.78223493E-10  7.50313995E+01  8.28668902E+02
  5.78017045E+00  1.60000000E+09  1.60000000E+09  7.78205179E-10  7.05070467E+01  8.11155109E+02
  5.80751420E+00  1.60000000E+09  1.60000000E+09  7.78188366E-10  6.63293402E+01  7.94011802E+02
  5.83485795E+00  1.60000000E+09  1.60000000E+09  7.78172932E-10  6.24698711E+01  7.77231113E+02
  5.86220170E+00  1.60000000E+09  1.60000000E+09  7.78158763E-10  5.89025595E+01  7.60805345E+02
  5.88954545E+00  1.60000000E+09  1.60000000E+09  7.78145756E-10  5.56034640E+01  7.44726965E+02
  5.91688920E+00  1.60000000E+09  1.60000000E+09  7.78133815E-10  5.25506062E+01  7.28988604E+02
  5.94423295E+00  1.60000000E+09  1.60000000E+09  7.78122853E-10  4.97238096E+01  7.13583049E+02
  5.97157670E+00  1.60000000E+09  1.60000000E+09  7.78112789E-10  4.71045518E+01  6.98503242E+02
  5.99892045E+00  1.60000000E+09  1.60000000E+09  7.78103550E-10  4.46758289E+01  6.83742280E+02
  6.02626420E+00  1.60000000E+09  1.60000000E+09  7.78095067E-10  4.24220306E+01  6.69293402E+02
  6.05360795E+00  1.60000000E+09  1.60000000E+09  7.78087279E-10  4.03288265E+01  6.55149997E+02
  6.08095170E+00  1.60000000E+09  1.60000000E+09  7.78080131E-10  3.83830604E+01  6.41305593E+02
  6.10829545E+00  1.60000000E+09  1.60000000E+09  7.78073573E-10  3.65726544E+01  6.27753856E+02
  6.13563920E+00  1.60000000E+09  1.60000000E+09  7.78067555E-10  3.48865208E+01  6.14488588E+02
  6.16298295E+00  1.60000000E+09  1.60000000E+09  7.78062029E-10  3.33144806E+01  6.01503724E+02
  6.19032670E+00  1.60000000E+09  1.60000000E+09  7.78056941E-10  3.18471891E+01  5.88793327E+02
  6.21767045E+00  1.60000000E+09  1.60000000E+09  7.78052247E-10  3.04760664E+01  5.76351589E+02
  6.24501420E+00  1.60000000E+09  1.60000000E+09  7.78047919E-10  2.91932339E+01  5.64172824E+02
  6.27235795E+00  1.60000000E+09  1.60000000E+09  7.78043961E-10  2.79914569E+01  5.52251466E+02
  6.29970170E+00  1.60000000E+09  1.60000000E+09  7.78040398E-10  2.68640929E+01  5.40582068E+02
  6.32704545E+00  1.60000000E+09  1.60000000E+09  7.78037240E-10  2.58050489E+01  5.29159299E+02
  6.35438920E+00  1.60000000E+09  1.60000000E+09  7.78034426E-10  2.48087422E+01  5.17977940E+02
  6.38173295E+00  1.60000000E+09  1.60000000E+09  7.78031776E-10  2.38700606E+01  5.07032885E+02
  6.40907670E+00  1.60000000E+09  1.60000000E+09  7.78029024E-10  2.29843120E+01  4.96319138E+02
  6.43642045E+00  1.60000000E+09  1.60000000E+09  7.78025968E-10  2.21471606E+01  4.85831813E+02
  6.46376420E+00  1.60000000E+09  1.60000000E+09  7.78022841E-10  2.13545604E+01  4.75566126E+02
  6.49110795E+00  1.60000000E+09  1.60000000E+09  7.78020440E-10  2.06027146E+01  4.65517390E+02
  6.51845170E+00  1.60000000E+09  1.60000000E+09  7.78019394E-10  1.98881037E+01  4.55681014E+02
  6.54579545E+00  1.60000000E+09  1.60000000E+09  7.78019378E-10  1.92075996E+01  4.46052470E+02
  6.57313920E+00  1.60000000E+09  1.60000000E+09  7.78021775E-10  1.85586297E+01  4.36627382E+02
  6.60048295E+00  1.60000000E+09  1.60000000E+09  7.78024765E-10  1.79392715E+01  4.27401402E+02
  6.62782670E+00  1.60000000E+09  1.60000000E+09  7.78025549E-10  1.73481122E+01  4.18370333E+02
  6.65517045E+00  1.60000000E+09  1.60000000E+09  7.78023193E-10  1.67837549E+01  4.09530136E+02
  6.68251420E+00  1.60000000E+09  1.60000000E+09  7.78004884E-10  1.62440170E+01  4.00876845E+02
  6.70985795E+00  1.60000000E+09  1.60000000E+09  7.77959719E-10  1.57251406E+01  3.92406702E+02
  6.73720170E+00  1.60000000E+09  1.60000000E+09  7.77904964E-10  1.52215661E+01  3.84116052E+02
  6.76454545E+00  1.60000000E+09  1.60000000E+09  7.77871179E-10  1.47268029E+01  3.76001102E+02
  6.79188920E+00  1.60000000E+09  1.60000000E+09  7.77864255E-10  1.42354691E+01  3.68057912E+02
  6.81923295E+00  1.60000000E+09  1.60000000E+09  7.77885514E-10  1.37460248E+01  3.60282179E+02
  6.84657670E+00  1.60000000E+09  1.60000000E+09  7.78067826E-10  1.32636096E+01  3.52669531E+02
  6.87392045E+00  1.60000000E+09  1.60000000E+09  7.78584059E-10  1.28005323E+01  3.45214852E+02
  6.90126420E+00  1.60000000E+09  1.60000000E+09  7.79308812E-10  1.23726858E+01  3.37912134E+02
  6.92860795E+00  1.60000000E+09  1.60000000E+09  7.79893369E-10  1.19940075E+01  3.30757689E+02
  6.95595170E+00  1.60000000E+09  1.60000000E+09  7.80165651E-10  1.16727464E+01  3.23750649E+02
  6.98329545E+00  1.60000000E+09  1.60000000E+09  7.80220789E-10  1.14104565E+01  3.16890698E+02
  7.01063920E+00  1.60000000E+09  1.60000000E+09  7.80150224E-10  1.12026959E+01  3.10176938E+02
  7.03798295E+00  1.60000000E+09  1.60000000E+09  7.79749598E-10  1.10409474E+01  3.03606511E+02
  7.06532670E+00  1.60000000E+09  1.60000000E+09  7.79186754E-10  1.09151716E+01  2.97179438E+02
  7.09267045E+00  1.60000000E+09  1.60000000E+09  7.78722010E-10  1.08159040E+01  2.90892639E+02
  7.12001420E+00  1.60000000E+09  1.60000000E+09  7.78409774E-10  1.07354122E+01  2.84741847E+02
  7.14735795E+00  1.60000000E+09  1.60000000E+09  7.78219770E-10  1.06680059E+01  2.78723014E+02
  7.17470170E+00  1.60000000E+09  1.60000000E+09  7.78112014E-10  1.06098057E+01  2.72832514E+02
  7.20204545E+00  1.60000000E+09  1.60000000E+09  7.78054622E-10  1.05583110E+01  2.67067107E+02
  7.22938920E+00  1.60000000E+09  1.60000000E+09  7.78025806E-10  1.05119698E+01  2.61423842E+02
  7.25673295E+00  1.60000000E+09  1.60000000E+09  7.78012112E-10  1.04698322E+01  2.55899973E+02
  7.28407670E+00  1.60000000E+09  1.60000000E+09  7.78005921E-10  1.04313016E+01  2.50492894E+02
  7.31142045E+00  1.60000000E+09  1.60000000E+09  7.78003233E-10  1.03959759E+01  2.45200098E+02
  7.33876420E+00  1.60000000E+09  1.60000000E+09  7.78002090E-10  1.03635539E+01  2.40019153E+02
  7.36610795E+00  1.60000000E+09  1.60000000E+09  7.78001594E-10  1.03337867E+01  2.34947688E+02
  7.39345170E+00  1.60000000E+09  1.60000000E+09  7.78001354E-10  1.03064551E+01  2.29983387E+02
  7.42079545E+00  1.60000000E+09  1.60000000E+09  7.78001212E-10  1.02813602E+01  2.25123986E+02
  7.44813920E+00  1.60000000E+09  1.60000000E+09  7.78001107E-10  1.02583191E+01  2.20367269E+02
  7.47548295E+00  1.60000000E+09  1.60000000E+09  7.78001016E-10  1.02371637E+01  2.15711066E+02
  7.50282670E+00  1.60000000E+09  1.60000000E+09  7.78000932E-10  1.02177395E+01  2.11153256E+02
  7.53017045E+00  1.60000000E+09  1.60000000E+09  7.78000854E-10  1.01999046E+01  2.06691761E+02
  7.55751420E+00  1.60000000E+09  1.60000000E+09  7.78000782E-10  1.01835286E+01  2.02324547E+02
  7.58485795E+00  1.60000000E+09  1.60000000E+09  7.78000716E-10  1.01684918E+01  1.98049624E+02
  7.61220170E+00  1.60000000E+09  1.60000000E+09  7.78000655E-10  1.01546843E+01  1.93865046E+02
  7.63954545E+00  1.60000000E+09  1.60000000E+09  7.78000600E-10  1.01420049E+01  1.89768905E+02
  7.66688920E+00  1.60000000E+09  1.60000000E+09  7.78000549E-10  1.01303610E+01  1.85759339E+02
  7.69423295E+00  1.60000000E+09  1.60000000E+09  7.78000502E-10  1.01196672E+01  1.81834521E+02
  7.72157670E+00  1.60000000E+09  1.60000000E+09  7.78000459E-10  1.01098452E+01  1.77992668E+02
  7.74892045E+00  1.60000000E+09  1.60000000E+09  7.78000420E-10  1.01008229E+01  1.74232032E+02
  7.77626420E+00  1.60000000E+09  1.60000000E+09  7.78000384E-10  1.00925340E+01  1.70550906E+02
  7.80360795E+00  1.60000000E+09  1.60000000E+09  7.78000351E-10  1.00849175E+01  1.66947620E+02
  7.83095170E+00  1.60000000E+09  1.60000000E+09  7.78000322E-10  1.00779174E+01  1.63420541E+02
  7.85829545E+00  1.60000000E+09  1.60000000E+09  7.78000295E-10  1.00714818E+01  1.59968074E+02
  7.88563920E+00  1.60000000E+09  1.60000000E+09  7.78000271E-10  1.00655631E+01  1.56588659E+02
  7.91298295E+00  1.60000000E+09  1.60000000E+09  7.78000250E-10  1.00601174E+01  1.53280776E+02
  7.94032670E+00  1.60000000E+09  1.60000000E+09  7.78000231E-10  1.00551038E+01  1.50042938E+02
  7.96767045E+00  1.60000000E+09  1.60000000E+09  7.78000215E-10  1.00504847E+01  1.46873697E+02
  7.99501420E+00  1.60000000E+09  1.60000000E+09  7.78000201E-10  1.00462252E+01  1.43771642E+02
  8.02235795E+00  1.60000000E+09  1.60000000E+09  7.78000190E-10  1.00422928E+01  1.40735400E+02
  8.04970170E+00  1.60000000E+09  1.60000000E+09  7.78000180E-10  1.00386571E+01  1.37763636E+02
  8.07704545E+00  1.60000000E+09  1.60000000E+09  7.78000173E-10  1.00352899E+01  1.34855056E+02
  8.10438920E+00  1.60000000E+09  1.60000000E+09  7.78000168E-10  1.00321644E+01  1.32008409E+02
  8.13173295E+00  1.60000000E+09  1.60000000E+09  7.78000164E-10  1.00292553E+01  1.29222487E+02
  8.15907670E+00  1.60000000E+09  1.60000000E+09  7.78000162E-10  1.00265388E+01  1.26496128E+02
  8.18642045E+00  1.60000000E+09  1.60000000E+09  7.78000162E-10  1.00239918E+01  1.23828224E+02
  8.21376420E+00  1.60000000E+09  1.60000000E+09  7.78000162E-10  1.00215921E+01  1.21217719E+02
  8.24110795E+00  1.60000000E+09  1.60000000E+09  7.78000163E-10  1.00193181E+01  1.18663620E+02
  8.26845170E+00  1.60000000E+09  1.60000000E+09  7.78000163E-10  1.00171487E+01  1.16165002E+02
  8.29579545E+00  1.60000000E+09  1.60000000E+09  7.78000163E-10  1.00150626E+01  1.13721015E+02
  8.32313920E+00  1.60000000E+09  1.60000000E+09  7.78000160E-10  1.00130386E+01  1.11330897E+02
  8.35048295E+00  1.60000000E+09  1.60000000E+09  7.78000153E-10  1.00110551E+01  1.08993984E+02
  8.37782670E+00  1.60000000E+09  1.60000000E+09  7.78000141E-10  1.00090903E+01  1.06709677E+02
  8.40517045E+00  1.60000000E+09  1.60000000E+09  7.78000122E-10  1.00071227E+01  1.04477815E+02
  8.43251420E+00  1.60000000E+09  1.60000000E+09  7.78000094E-10  1.00051359E+01  1.02308254E+02
  8.45985795E+00  1.60000000E+09  1.60000000E+09  7.78000057E-10  1.00031375E+01  1.00205303E+02
  8.48720170E+00  1.60000000E+09  1.60000000E+09  7.78000021E-10  1.00012428E+01  9.63090996E+01
