ZEUS-MP field variables at time =  0.00000000E+00

 x1b (comoving)          x2b             x3b         density         Tgas            Trad 
  1.36718750E-02  1.60000000E+09  1.60000000E+09  7.78000000E-10  8.48535156E+01  8.48535156E+01
  4.10156250E-02  1.60000000E+09  1.60000000E+09  7.78000000E-10  8.45605469E+01  8.45605469E+01
  6.83593750E-02  1.60000000E+09  1.60000000E+09  7.78000000E-10  8.42675781E+01  8.42675781E+01
  9.57031250E-02  1.60000000E+09  1.60000000E+09  7.78000000E-10  8.39746094E+01  8.39746094E+01
  1.23046875E-01  1.60000000E+09  1.60000000E+09  7.78000000E-10  8.36816406E+01  8.36816406E+01
  1.50390625E-01  1.60000000E+09  1.60000000E+09  7.78000000E-10  8.33886719E+01  8.33886719E+01
  1.77734375E-01  1.60000000E+09  1.60000000E+09  7.78000000E-10  8.30957031E+01  8.30957031E+01
  2.05078125E-01  1.60000000E+09  1.60000000E+09  7.78000000E-10  8.28027344E+01  8.28027344E+01
  2.32421875E-01  1.60000000E+09  1.60000000E+09  7.78000000E-10  8.25097656E+01  8.25097656E+01
  2.59765625E-01  1.60000000E+09  1.60000000E+09  7.78000000E-10  8.22167969E+01  8.22167969E+01
  2.87109375E-01  1.60000000E+09  1.60000000E+09  7.78000000E-10  8.19238281E+01  8.19238281E+01
  3.14453125E-01  1.60000000E+09  1.60000000E+09  7.78000000E-10  8.16308594E+01  8.16308594E+01
  3.41796875E-01  1.60000000E+09  1.60000000E+09  7.78000000E-10  8.13378906E+01  8.13378906E+01
  3.69140625E-01  1.60000000E+09  1.60000000E+09  7.78000000E-10  8.10449219E+01  8.10449219E+01
  3.96484375E-01  1.60000000E+09  1.60000000E+09  7.78000000E-10  8.07519531E+01  8.07519531E+01
  4.23828125E-01  1.60000000E+09  1.60000000E+09  7.78000000E-10  8.04589844E+01  8.04589844E+01
  4.51171875E-01  1.60000000E+09  1.60000000E+09  7.78000000E-10  8.01660156E+01  8.01660156E+01
  4.78515625E-01  1.60000000E+09  1.60000000E+09  7.78000000E-10  7.98730469E+01  7.98730469E+01
  5.05859375E-01  1.60000000E+09  1.60000000E+09  7.78000000E-10  7.95800781E+01  7.95800781E+01
  5.33203125E-01  1.60000000E+09  1.60000000E+09  7.78000000E-10  7.92871094E+01  7.92871094E+01
  5.60546875E-01  1.60000000E+09  1.60000000E+09  7.78000000E-10  7.89941406E+01  7.89941406E+01
  5.87890625E-01  1.60000000E+09  1.60000000E+09  7.78000000E-10  7.87011719E+01  7.87011719E+01
  6.15234375E-01  1.60000000E+09  1.60000000E+09  7.78000000E-10  7.84082031E+01  7.84082031E+01
  6.42578125E-01  1.60000000E+09  1.60000000E+09  7.78000000E-10  7.81152344E+01  7.81152344E+01
  6.69921875E-01  1.60000000E+09  1.60000000E+09  7.78000000E-10  7.78222656E+01  7.78222656E+01
  6.97265625E-01  1.60000000E+09  1.60000000E+09  7.78000000E-10  7.75292969E+01  7.75292969E+01
  7.24609375E-01  1.60000000E+09  1.60000000E+09  7.78000000E-10  7.72363281E+01  7.72363281E+01
  7.51953125E-01  1.60000000E+09  1.60000000E+09  7.78000000E-10  7.69433594E+01  7.69433594E+01
  7.79296875E-01  1.60000000E+09  1.60000000E+09  7.78000000E-10  7.66503906E+01  7.66503906E+01
  8.06640625E-01  1.60000000E+09  1.60000000E+09  7.78000000E-10  7.63574219E+01  7.63574219E+01
  8.33984375E-01  1.60000000E+09  1.60000000E+09  7.78000000E-10  7.60644531E+01  7.60644531E+01
  8.61328125E-01  1.60000000E+09  1.60000000E+09  7.78000000E-10  7.57714844E+01  7.57714844E+01
  8.88671875E-01  1.60000000E+09  1.60000000E+09  7.78000000E-10  7.54785156E+01  7.54785156E+01
  9.16015625E-01  1.60000000E+09  1.60000000E+09  7.78000000E-10  7.51855469E+01  7.51855469E+01
  9.43359375E-01  1.60000000E+09  1.60000000E+09  7.78000000E-10  7.48925781E+01  7.48925781E+01
  9.70703125E-01  1.60000000E+09  1.60000000E+09  7.78000000E-10  7.45996094E+01  7.45996094E+01
  9.98046875E-01  1.60000000E+09  1.60000000E+09  7.78000000E-10  7.43066406E+01  7.43066406E+01
  1.02539062E+00  1.60000000E+09  1.60000000E+09  7.78000000E-10  7.40136719E+01  7.40136719E+01
  1.05273438E+00  1.60000000E+09  1.60000000E+09  7.78000000E-10  7.37207031E+01  7.37207031E+01
  1.08007812E+00  1.60000000E+09  1.60000000E+09  7.78000000E-10  7.34277344E+01  7.34277344E+01
  1.10742188E+00  1.60000000E+09  1.60000000E+09  7.78000000E-10  7.31347656E+01  7.31347656E+01
  1.13476562E+00  1.60000000E+09  1.60000000E+09  7.78000000E-10  7.28417969E+01  7.28417969E+01
  1.16210938E+00  1.60000000E+09  1.60000000E+09  7.78000000E-10  7.25488281E+01  7.25488281E+01
  1.18945312E+00  1.60000000E+09  1.60000000E+09  7.78000000E-10  7.22558594E+01  7.22558594E+01
  1.21679688E+00  1.60000000E+09  1.60000000E+09  7.78000000E-10  7.19628906E+01  7.19628906E+01
  1.24414062E+00  1.60000000E+09  1.60000000E+09  7.78000000E-10  7.16699219E+01  7.16699219E+01
  1.27148438E+00  1.60000000E+09  1.60000000E+09  7.78000000E-10  7.13769531E+01  7.13769531E+01
  1.29882812E+00  1.60000000E+09  1.60000000E+09  7.78000000E-10  7.10839844E+01  7.10839844E+01
  1.32617188E+00  1.60000000E+09  1.60000000E+09  7.78000000E-10  7.07910156E+01  7.07910156E+01
  1.35351562E+00  1.60000000E+09  1.60000000E+09  7.78000000E-10  7.04980469E+01  7.04980469E+01
  1.38085938E+00  1.60000000E+09  1.60000000E+09  7.78000000E-10  7.02050781E+01  7.02050781E+01
  1.40820312E+00  1.60000000E+09  1.60000000E+09  7.78000000E-10  6.99121094E+01  6.99121094E+01
  1.43554688E+00  1.60000000E+09  1.60000000E+09  7.78000000E-10  6.96191406E+01  6.96191406E+01
  1.46289062E+00  1.60000000E+09  1.60000000E+09  7.78000000E-10  6.93261719E+01  6.93261719E+01
  1.49023438E+00  1.60000000E+09  1.60000000E+09  7.78000000E-10  6.90332031E+01  6.90332031E+01
  1.51757812E+00  1.60000000E+09  1.60000000E+09  7.78000000E-10  6.87402344E+01  6.87402344E+01
  1.54492188E+00  1.60000000E+09  1.60000000E+09  7.78000000E-10  6.84472656E+01  6.84472656E+01
  1.57226562E+00  1.60000000E+09  1.60000000E+09  7.78000000E-10  6.81542969E+01  6.81542969E+01
  1.59960938E+00  1.60000000E+09  1.60000000E+09  7.78000000E-10  6.78613281E+01  6.78613281E+01
  1.62695312E+00  1.60000000E+09  1.60000000E+09  7.78000000E-10  6.75683594E+01  6.75683594E+01
  1.65429688E+00  1.60000000E+09  1.60000000E+09  7.78000000E-10  6.72753906E+01  6.72753906E+01
  1.68164062E+00  1.60000000E+09  1.60000000E+09  7.78000000E-10  6.69824219E+01  6.69824219E+01
  1.70898438E+00  1.60000000E+09  1.60000000E+09  7.78000000E-10  6.66894531E+01  6.66894531E+01
  1.73632812E+00  1.60000000E+09  1.60000000E+09  7.78000000E-10  6.63964844E+01  6.63964844E+01
  1.76367188E+00  1.60000000E+09  1.60000000E+09  7.78000000E-10  6.61035156E+01  6.61035156E+01
  1.79101562E+00  1.60000000E+09  1.60000000E+09  7.78000000E-10  6.58105469E+01  6.58105469E+01
  1.81835938E+00  1.60000000E+09  1.60000000E+09  7.78000000E-10  6.55175781E+01  6.55175781E+01
  1.84570312E+00  1.60000000E+09  1.60000000E+09  7.78000000E-10  6.52246094E+01  6.52246094E+01
  1.87304688E+00  1.60000000E+09  1.60000000E+09  7.78000000E-10  6.49316406E+01  6.49316406E+01
  1.90039062E+00  1.60000000E+09  1.60000000E+09  7.78000000E-10  6.46386719E+01  6.46386719E+01
  1.92773438E+00  1.60000000E+09  1.60000000E+09  7.78000000E-10  6.43457031E+01  6.43457031E+01
  1.95507812E+00  1.60000000E+09  1.60000000E+09  7.78000000E-10  6.40527344E+01  6.40527344E+01
  1.98242188E+00  1.60000000E+09  1.60000000E+09  7.78000000E-10  6.37597656E+01  6.37597656E+01
  2.00976562E+00  1.60000000E+09  1.60000000E+09  7.78000000E-10  6.34667969E+01  6.34667969E+01
  2.03710938E+00  1.60000000E+09  1.60000000E+09  7.78000000E-10  6.31738281E+01  6.31738281E+01
  2.06445312E+00  1.60000000E+09  1.60000000E+09  7.78000000E-10  6.28808594E+01  6.28808594E+01
  2.09179688E+00  1.60000000E+09  1.60000000E+09  7.78000000E-10  6.25878906E+01  6.25878906E+01
  2.11914062E+00  1.60000000E+09  1.60000000E+09  7.78000000E-10  6.22949219E+01  6.22949219E+01
  2.14648438E+00  1.60000000E+09  1.60000000E+09  7.78000000E-10  6.20019531E+01  6.20019531E+01
  2.17382812E+00  1.60000000E+09  1.60000000E+09  7.78000000E-10  6.17089844E+01  6.17089844E+01
  2.20117188E+00  1.60000000E+09  1.60000000E+09  7.78000000E-10  6.14160156E+01  6.14160156E+01
  2.22851562E+00  1.60000000E+09  1.60000000E+09  7.78000000E-10  6.11230469E+01  6.11230469E+01
  2.25585938E+00  1.60000000E+09  1.60000000E+09  7.78000000E-10  6.08300781E+01  6.08300781E+01
  2.28320312E+00  1.60000000E+09  1.60000000E+09  7.78000000E-10  6.05371094E+01  6.05371094E+01
  2.31054688E+00  1.60000000E+09  1.60000000E+09  7.78000000E-10  6.02441406E+01  6.02441406E+01
  2.33789062E+00  1.60000000E+09  1.60000000E+09  7.78000000E-10  5.99511719E+01  5.99511719E+01
  2.36523438E+00  1.60000000E+09  1.60000000E+09  7.78000000E-10  5.96582031E+01  5.96582031E+01
  2.39257812E+00  1.60000000E+09  1.60000000E+09  7.78000000E-10  5.93652344E+01  5.93652344E+01
  2.41992188E+00  1.60000000E+09  1.60000000E+09  7.78000000E-10  5.90722656E+01  5.90722656E+01
  2.44726562E+00  1.60000000E+09  1.60000000E+09  7.78000000E-10  5.87792969E+01  5.87792969E+01
  2.47460938E+00  1.60000000E+09  1.60000000E+09  7.78000000E-10  5.84863281E+01  5.84863281E+01
  2.50195312E+00  1.60000000E+09  1.60000000E+09  7.78000000E-10  5.81933594E+01  5.81933594E+01
  2.52929688E+00  1.60000000E+09  1.60000000E+09  7.78000000E-10  5.79003906E+01  5.79003906E+01
  2.55664062E+00  1.60000000E+09  1.60000000E+09  7.78000000E-10  5.76074219E+01  5.76074219E+01
  2.58398438E+00  1.60000000E+09  1.60000000E+09  7.78000000E-10  5.73144531E+01  5.73144531E+01
  2.61132812E+00  1.60000000E+09  1.60000000E+09  7.78000000E-10  5.70214844E+01  5.70214844E+01
  2.63867188E+00  1.60000000E+09  1.60000000E+09  7.78000000E-10  5.67285156E+01  5.67285156E+01
  2.66601562E+00  1.60000000E+09  1.60000000E+09  7.78000000E-10  5.64355469E+01  5.64355469E+01
  2.69335938E+00  1.60000000E+09  1.60000000E+09  7.78000000E-10  5.61425781E+01  5.61425781E+01
  2.72070312E+00  1.60000000E+09  1.60000000E+09  7.78000000E-10  5.58496094E+01  5.58496094E+01
  2.74804688E+00  1.60000000E+09  1.60000000E+09  7.78000000E-10  5.55566406E+01  5.55566406E+01
  2.77539062E+00  1.60000000E+09  1.60000000E+09  7.78000000E-10  5.52636719E+01  5.52636719E+01
  2.80273438E+00  1.60000000E+09  1.60000000E+09  7.78000000E-10  5.49707031E+01  5.49707031E+01
  2.83007812E+00  1.60000000E+09  1.60000000E+09  7.78000000E-10  5.46777344E+01  5.46777344E+01
  2.85742188E+00  1.60000000E+09  1.60000000E+09  7.78000000E-10  5.43847656E+01  5.43847656E+01
  2.88476562E+00  1.60000000E+09  1.60000000E+09  7.78000000E-10  5.40917969E+01  5.40917969E+01
  2.91210938E+00  1.60000000E+09  1.60000000E+09  7.78000000E-10  5.37988281E+01  5.37988281E+01
  2.93945312E+00  1.60000000E+09  1.60000000E+09  7.78000000E-10  5.35058594E+01  5.35058594E+01
  2.96679688E+00  1.60000000E+09  1.60000000E+09  7.78000000E-10  5.32128906E+01  5.32128906E+01
  2.99414062E+00  1.60000000E+09  1.60000000E+09  7.78000000E-10  5.29199219E+01  5.29199219E+01
  3.02148438E+00  1.60000000E+09  1.60000000E+09  7.78000000E-10  5.26269531E+01  5.26269531E+01
  3.04882812E+00  1.60000000E+09  1.60000000E+09  7.78000000E-10  5.23339844E+01  5.23339844E+01
  3.07617188E+00  1.60000000E+09  1.60000000E+09  7.78000000E-10  5.20410156E+01  5.20410156E+01
  3.10351562E+00  1.60000000E+09  1.60000000E+09  7.78000000E-10  5.17480469E+01  5.17480469E+01
  3.13085938E+00  1.60000000E+09  1.60000000E+09  7.78000000E-10  5.14550781E+01  5.14550781E+01
  3.15820312E+00  1.60000000E+09  1.60000000E+09  7.78000000E-10  5.11621094E+01  5.11621094E+01
  3.18554688E+00  1.60000000E+09  1.60000000E+09  7.78000000E-10  5.08691406E+01  5.08691406E+01
  3.21289062E+00  1.60000000E+09  1.60000000E+09  7.78000000E-10  5.05761719E+01  5.05761719E+01
  3.24023438E+00  1.60000000E+09  1.60000000E+09  7.78000000E-10  5.02832031E+01  5.02832031E+01
  3.26757812E+00  1.60000000E+09  1.60000000E+09  7.78000000E-10  4.99902344E+01  4.99902344E+01
  3.29492188E+00  1.60000000E+09  1.60000000E+09  7.78000000E-10  4.96972656E+01  4.96972656E+01
  3.32226562E+00  1.60000000E+09  1.60000000E+09  7.78000000E-10  4.94042969E+01  4.94042969E+01
  3.34960938E+00  1.60000000E+09  1.60000000E+09  7.78000000E-10  4.91113281E+01  4.91113281E+01
  3.37695312E+00  1.60000000E+09  1.60000000E+09  7.78000000E-10  4.88183594E+01  4.88183594E+01
  3.40429688E+00  1.60000000E+09  1.60000000E+09  7.78000000E-10  4.85253906E+01  4.85253906E+01
  3.43164062E+00  1.60000000E+09  1.60000000E+09  7.78000000E-10  4.82324219E+01  4.82324219E+01
  3.45898438E+00  1.60000000E+09  1.60000000E+09  7.78000000E-10  4.79394531E+01  4.79394531E+01
  3.48632812E+00  1.60000000E+09  1.60000000E+09  7.78000000E-10  4.76464844E+01  4.76464844E+01
  3.51367188E+00  1.60000000E+09  1.60000000E+09  7.78000000E-10  4.73535156E+01  4.73535156E+01
  3.54101562E+00  1.60000000E+09  1.60000000E+09  7.78000000E-10  4.70605469E+01  4.70605469E+01
  3.56835938E+00  1.60000000E+09  1.60000000E+09  7.78000000E-10  4.67675781E+01  4.67675781E+01
  3.59570312E+00  1.60000000E+09  1.60000000E+09  7.78000000E-10  4.64746094E+01  4.64746094E+01
  3.62304688E+00  1.60000000E+09  1.60000000E+09  7.78000000E-10  4.61816406E+01  4.61816406E+01
  3.65039062E+00  1.60000000E+09  1.60000000E+09  7.78000000E-10  4.58886719E+01  4.58886719E+01
  3.67773438E+00  1.60000000E+09  1.60000000E+09  7.78000000E-10  4.55957031E+01  4.55957031E+01
  3.70507812E+00  1.60000000E+09  1.60000000E+09  7.78000000E-10  4.53027344E+01  4.53027344E+01
  3.73242188E+00  1.60000000E+09  1.60000000E+09  7.78000000E-10  4.50097656E+01  4.50097656E+01
  3.75976562E+00  1.60000000E+09  1.60000000E+09  7.78000000E-10  4.47167969E+01  4.47167969E+01
  3.78710938E+00  1.60000000E+09  1.60000000E+09  7.78000000E-10  4.44238281E+01  4.44238281E+01
  3.81445312E+00  1.60000000E+09  1.60000000E+09  7.78000000E-10  4.41308594E+01  4.41308594E+01
  3.84179688E+00  1.60000000E+09  1.60000000E+09  7.78000000E-10  4.38378906E+01  4.38378906E+01
  3.86914062E+00  1.60000000E+09  1.60000000E+09  7.78000000E-10  4.35449219E+01  4.35449219E+01
  3.89648438E+00  1.60000000E+09  1.60000000E+09  7.78000000E-10  4.32519531E+01  4.32519531E+01
  3.92382812E+00  1.60000000E+09  1.60000000E+09  7.78000000E-10  4.29589844E+01  4.29589844E+01
  3.95117188E+00  1.60000000E+09  1.60000000E+09  7.78000000E-10  4.26660156E+01  4.26660156E+01
  3.97851562E+00  1.60000000E+09  1.60000000E+09  7.78000000E-10  4.23730469E+01  4.23730469E+01
  4.00585938E+00  1.60000000E+09  1.60000000E+09  7.78000000E-10  4.20800781E+01  4.20800781E+01
  4.03320312E+00  1.60000000E+09  1.60000000E+09  7.78000000E-10  4.17871094E+01  4.17871094E+01
  4.06054688E+00  1.60000000E+09  1.60000000E+09  7.78000000E-10  4.14941406E+01  4.14941406E+01
  4.08789062E+00  1.60000000E+09  1.60000000E+09  7.78000000E-10  4.12011719E+01  4.12011719E+01
  4.11523438E+00  1.60000000E+09  1.60000000E+09  7.78000000E-10  4.09082031E+01  4.09082031E+01
  4.14257812E+00  1.60000000E+09  1.60000000E+09  7.78000000E-10  4.06152344E+01  4.06152344E+01
  4.16992188E+00  1.60000000E+09  1.60000000E+09  7.78000000E-10  4.03222656E+01  4.03222656E+01
  4.19726562E+00  1.60000000E+09  1.60000000E+09  7.78000000E-10  4.00292969E+01  4.00292969E+01
  4.22460938E+00  1.60000000E+09  1.60000000E+09  7.78000000E-10  3.97363281E+01  3.97363281E+01
  4.25195312E+00  1.60000000E+09  1.60000000E+09  7.78000000E-10  3.94433594E+01  3.94433594E+01
  4.27929688E+00  1.60000000E+09  1.60000000E+09  7.78000000E-10  3.91503906E+01  3.91503906E+01
  4.30664062E+00  1.60000000E+09  1.60000000E+09  7.78000000E-10  3.88574219E+01  3.88574219E+01
  4.33398438E+00  1.60000000E+09  1.60000000E+09  7.78000000E-10  3.85644531E+01  3.85644531E+01
  4.36132812E+00  1.60000000E+09  1.60000000E+09  7.78000000E-10  3.82714844E+01  3.82714844E+01
  4.38867188E+00  1.60000000E+09  1.60000000E+09  7.78000000E-10  3.79785156E+01  3.79785156E+01
  4.41601562E+00  1.60000000E+09  1.60000000E+09  7.78000000E-10  3.76855469E+01  3.76855469E+01
  4.44335938E+00  1.60000000E+09  1.60000000E+09  7.78000000E-10  3.73925781E+01  3.73925781E+01
  4.47070312E+00  1.60000000E+09  1.60000000E+09  7.78000000E-10  3.70996094E+01  3.70996094E+01
  4.49804688E+00  1.60000000E+09  1.60000000E+09  7.78000000E-10  3.68066406E+01  3.68066406E+01
  4.52539062E+00  1.60000000E+09  1.60000000E+09  7.78000000E-10  3.65136719E+01  3.65136719E+01
  4.55273438E+00  1.60000000E+09  1.60000000E+09  7.78000000E-10  3.62207031E+01  3.62207031E+01
  4.58007812E+00  1.60000000E+09  1.60000000E+09  7.78000000E-10  3.59277344E+01  3.59277344E+01
  4.60742188E+00  1.60000000E+09  1.60000000E+09  7.78000000E-10  3.56347656E+01  3.56347656E+01
  4.63476562E+00  1.60000000E+09  1.60000000E+09  7.78000000E-10  3.53417969E+01  3.53417969E+01
  4.66210938E+00  1.60000000E+09  1.60000000E+09  7.78000000E-10  3.50488281E+01  3.50488281E+01
  4.68945312E+00  1.60000000E+09  1.60000000E+09  7.78000000E-10  3.47558594E+01  3.47558594E+01
  4.71679688E+00  1.60000000E+09  1.60000000E+09  7.78000000E-10  3.44628906E+01  3.44628906E+01
  4.74414062E+00  1.60000000E+09  1.60000000E+09  7.78000000E-10  3.41699219E+01  3.41699219E+01
  4.77148438E+00  1.60000000E+09  1.60000000E+09  7.78000000E-10  3.38769531E+01  3.38769531E+01
  4.79882812E+00  1.60000000E+09  1.60000000E+09  7.78000000E-10  3.35839844E+01  3.35839844E+01
  4.82617188E+00  1.60000000E+09  1.60000000E+09  7.78000000E-10  3.32910156E+01  3.32910156E+01
  4.85351562E+00  1.60000000E+09  1.60000000E+09  7.78000000E-10  3.29980469E+01  3.29980469E+01
  4.88085938E+00  1.60000000E+09  1.60000000E+09  7.78000000E-10  3.27050781E+01  3.27050781E+01
  4.90820312E+00  1.60000000E+09  1.60000000E+09  7.78000000E-10  3.24121094E+01  3.24121094E+01
  4.93554688E+00  1.60000000E+09  1.60000000E+09  7.78000000E-10  3.21191406E+01  3.21191406E+01
  4.96289062E+00  1.60000000E+09  1.60000000E+09  7.78000000E-10  3.18261719E+01  3.18261719E+01
  4.99023438E+00  1.60000000E+09  1.60000000E+09  7.78000000E-10  3.15332031E+01  3.15332031E+01
  5.01757812E+00  1.60000000E+09  1.60000000E+09  7.78000000E-10  3.12402344E+01  3.12402344E+01
  5.04492188E+00  1.60000000E+09  1.60000000E+09  7.78000000E-10  3.09472656E+01  3.09472656E+01
  5.07226562E+00  1.60000000E+09  1.60000000E+09  7.78000000E-10  3.06542969E+01  3.06542969E+01
  5.09960938E+00  1.60000000E+09  1.60000000E+09  7.78000000E-10  3.03613281E+01  3.03613281E+01
  5.12695312E+00  1.60000000E+09  1.60000000E+09  7.78000000E-10  3.00683594E+01  3.00683594E+01
  5.15429688E+00  1.60000000E+09  1.60000000E+09  7.78000000E-10  2.97753906E+01  2.97753906E+01
  5.18164062E+00  1.60000000E+09  1.60000000E+09  7.78000000E-10  2.94824219E+01  2.94824219E+01
  5.20898438E+00  1.60000000E+09  1.60000000E+09  7.78000000E-10  2.91894531E+01  2.91894531E+01
  5.23632812E+00  1.60000000E+09  1.60000000E+09  7.78000000E-10  2.88964844E+01  2.88964844E+01
  5.26367188E+00  1.60000000E+09  1.60000000E+09  7.78000000E-10  2.86035156E+01  2.86035156E+01
  5.29101562E+00  1.60000000E+09  1.60000000E+09  7.78000000E-10  2.83105469E+01  2.83105469E+01
  5.31835938E+00  1.60000000E+09  1.60000000E+09  7.78000000E-10  2.80175781E+01  2.80175781E+01
  5.34570312E+00  1.60000000E+09  1.60000000E+09  7.78000000E-10  2.77246094E+01  2.77246094E+01
  5.37304688E+00  1.60000000E+09  1.60000000E+09  7.78000000E-10  2.74316406E+01  2.74316406E+01
  5.40039062E+00  1.60000000E+09  1.60000000E+09  7.78000000E-10  2.71386719E+01  2.71386719E+01
  5.42773438E+00  1.60000000E+09  1.60000000E+09  7.78000000E-10  2.68457031E+01  2.68457031E+01
  5.45507812E+00  1.60000000E+09  1.60000000E+09  7.78000000E-10  2.65527344E+01  2.65527344E+01
  5.48242188E+00  1.60000000E+09  1.60000000E+09  7.78000000E-10  2.62597656E+01  2.62597656E+01
  5.50976562E+00  1.60000000E+09  1.60000000E+09  7.78000000E-10  2.59667969E+01  2.59667969E+01
  5.53710938E+00  1.60000000E+09  1.60000000E+09  7.78000000E-10  2.56738281E+01  2.56738281E+01
  5.56445312E+00  1.60000000E+09  1.60000000E+09  7.78000000E-10  2.53808594E+01  2.53808594E+01
  5.59179688E+00  1.60000000E+09  1.60000000E+09  7.78000000E-10  2.50878906E+01  2.50878906E+01
  5.61914062E+00  1.60000000E+09  1.60000000E+09  7.78000000E-10  2.47949219E+01  2.47949219E+01
  5.64648438E+00  1.60000000E+09  1.60000000E+09  7.78000000E-10  2.45019531E+01  2.45019531E+01
  5.67382812E+00  1.60000000E+09  1.60000000E+09  7.78000000E-10  2.42089844E+01  2.42089844E+01
  5.70117188E+00  1.60000000E+09  1.60000000E+09  7.78000000E-10  2.39160156E+01  2.39160156E+01
  5.72851562E+00  1.60000000E+09  1.60000000E+09  7.78000000E-10  2.36230469E+01  2.36230469E+01
  5.75585938E+00  1.60000000E+09  1.60000000E+09  7.78000000E-10  2.33300781E+01  2.33300781E+01
  5.78320312E+00  1.60000000E+09  1.60000000E+09  7.78000000E-10  2.30371094E+01  2.30371094E+01
  5.81054688E+00  1.60000000E+09  1.60000000E+09  7.78000000E-10  2.27441406E+01  2.27441406E+01
  5.83789062E+00  1.60000000E+09  1.60000000E+09  7.78000000E-10  2.24511719E+01  2.24511719E+01
  5.86523438E+00  1.60000000E+09  1.60000000E+09  7.78000000E-10  2.21582031E+01  2.21582031E+01
  5.89257812E+00  1.60000000E+09  1.60000000E+09  7.78000000E-10  2.18652344E+01  2.18652344E+01
  5.91992188E+00  1.60000000E+09  1.60000000E+09  7.78000000E-10  2.15722656E+01  2.15722656E+01
  5.94726562E+00  1.60000000E+09  1.60000000E+09  7.78000000E-10  2.12792969E+01  2.12792969E+01
  5.97460938E+00  1.60000000E+09  1.60000000E+09  7.78000000E-10  2.09863281E+01  2.09863281E+01
  6.00195312E+00  1.60000000E+09  1.60000000E+09  7.78000000E-10  2.06933594E+01  2.06933594E+01
  6.02929688E+00  1.60000000E+09  1.60000000E+09  7.78000000E-10  2.04003906E+01  2.04003906E+01
  6.05664062E+00  1.60000000E+09  1.60000000E+09  7.78000000E-10  2.01074219E+01  2.01074219E+01
  6.08398438E+00  1.60000000E+09  1.60000000E+09  7.78000000E-10  1.98144531E+01  1.98144531E+01
  6.11132812E+00  1.60000000E+09  1.60000000E+09  7.78000000E-10  1.95214844E+01  1.95214844E+01
  6.13867188E+00  1.60000000E+09  1.60000000E+09  7.78000000E-10  1.92285156E+01  1.92285156E+01
  6.16601562E+00  1.60000000E+09  1.60000000E+09  7.78000000E-10  1.89355469E+01  1.89355469E+01
  6.19335938E+00  1.60000000E+09  1.60000000E+09  7.78000000E-10  1.86425781E+01  1.86425781E+01
  6.22070312E+00  1.60000000E+09  1.60000000E+09  7.78000000E-10  1.83496094E+01  1.83496094E+01
  6.24804688E+00  1.60000000E+09  1.60000000E+09  7.78000000E-10  1.80566406E+01  1.80566406E+01
  6.27539062E+00  1.60000000E+09  1.60000000E+09  7.78000000E-10  1.77636719E+01  1.77636719E+01
  6.30273438E+00  1.60000000E+09  1.60000000E+09  7.78000000E-10  1.74707031E+01  1.74707031E+01
  6.33007812E+00  1.60000000E+09  1.60000000E+09  7.78000000E-10  1.71777344E+01  1.71777344E+01
  6.35742188E+00  1.60000000E+09  1.60000000E+09  7.78000000E-10  1.68847656E+01  1.68847656E+01
  6.38476562E+00  1.60000000E+09  1.60000000E+09  7.78000000E-10  1.65917969E+01  1.65917969E+01
  6.41210938E+00  1.60000000E+09  1.60000000E+09  7.78000000E-10  1.62988281E+01  1.62988281E+01
  6.43945312E+00  1.60000000E+09  1.60000000E+09  7.78000000E-10  1.60058594E+01  1.60058594E+01
  6.46679688E+00  1.60000000E+09  1.60000000E+09  7.78000000E-10  1.57128906E+01  1.57128906E+01
  6.49414062E+00  1.60000000E+09  1.60000000E+09  7.78000000E-10  1.54199219E+01  1.54199219E+01
  6.52148438E+00  1.60000000E+09  1.60000000E+09  7.78000000E-10  1.51269531E+01  1.51269531E+01
  6.54882812E+00  1.60000000E+09  1.60000000E+09  7.78000000E-10  1.48339844E+01  1.48339844E+01
  6.57617188E+00  1.60000000E+09  1.60000000E+09  7.78000000E-10  1.45410156E+01  1.45410156E+01
  6.60351562E+00  1.60000000E+09  1.60000000E+09  7.78000000E-10  1.42480469E+01  1.42480469E+01
  6.63085938E+00  1.60000000E+09  1.60000000E+09  7.78000000E-10  1.39550781E+01  1.39550781E+01
  6.65820312E+00  1.60000000E+09  1.60000000E+09  7.78000000E-10  1.36621094E+01  1.36621094E+01
  6.68554688E+00  1.60000000E+09  1.60000000E+09  7.78000000E-10  1.33691406E+01  1.33691406E+01
  6.71289062E+00  1.60000000E+09  1.60000000E+09  7.78000000E-10  1.30761719E+01  1.30761719E+01
  6.74023438E+00  1.60000000E+09  1.60000000E+09  7.78000000E-10  1.27832031E+01  1.27832031E+01
  6.76757812E+00  1.60000000E+09  1.60000000E+09  7.78000000E-10  1.24902344E+01  1.24902344E+01
  6.79492188E+00  1.60000000E+09  1.60000000E+09  7.78000000E-10  1.21972656E+01  1.21972656E+01
  6.82226562E+00  1.60000000E+09  1.60000000E+09  7.78000000E-10  1.19042969E+01  1.19042969E+01
  6.84960938E+00  1.60000000E+09  1.60000000E+09  7.78000000E-10  1.16113281E+01  1.16113281E+01
  6.87695312E+00  1.60000000E+09  1.60000000E+09  7.78000000E-10  1.13183594E+01  1.13183594E+01
  6.90429688E+00  1.60000000E+09  1.60000000E+09  7.78000000E-10  1.10253906E+01  1.10253906E+01
  6.93164062E+00  1.60000000E+09  1.60000000E+09  7.78000000E-10  1.07324219E+01  1.07324219E+01
  6.95898438E+00  1.60000000E+09  1.60000000E+09  7.78000000E-10  1.04394531E+01  1.04394531E+01
  6.98632812E+00  1.60000000E+09  1.60000000E+09  7.78000000E-10  1.01464844E+01  1.01464844E+01
