ZEUS-MP field variables at time =  1.30000000E+04

 x1b (comoving)          x2b             x3b         density         Tgas            Trad 
  2.61367188E+00  1.60000000E+09  1.60000000E+09  5.66125451E-09  4.15010538E+03  4.15083693E+03
  2.64101563E+00  1.60000000E+09  1.60000000E+09  5.64230602E-09  4.14790848E+03  4.15091376E+03
  2.66835938E+00  1.60000000E+09  1.60000000E+09  5.65402772E-09  4.15132625E+03  4.15215065E+03
  2.69570313E+00  1.60000000E+09  1.60000000E+09  5.66749559E-09  4.15280857E+03  4.15350010E+03
  2.72304688E+00  1.60000000E+09  1.60000000E+09  5.63886793E-09  4.15188789E+03  4.15490770E+03
  2.75039063E+00  1.60000000E+09  1.60000000E+09  5.64359090E-09  4.15667144E+03  4.15747928E+03
  2.77773438E+00  1.60000000E+09  1.60000000E+09  5.67597613E-09  4.15944136E+03  4.16014489E+03
  2.80507813E+00  1.60000000E+09  1.60000000E+09  5.63103248E-09  4.15980817E+03  4.16287898E+03
  2.83242188E+00  1.60000000E+09  1.60000000E+09  5.62962355E-09  4.16637956E+03  4.16680569E+03
  2.85976563E+00  1.60000000E+09  1.60000000E+09  5.68496297E-09  4.16982075E+03  4.17064219E+03
  2.88710938E+00  1.60000000E+09  1.60000000E+09  5.61508483E-09  4.17114516E+03  4.17460702E+03
  2.91445313E+00  1.60000000E+09  1.60000000E+09  5.61318593E-09  4.18046055E+03  4.17995113E+03
  2.94179688E+00  1.60000000E+09  1.60000000E+09  5.70008228E-09  4.18429294E+03  4.18478492E+03
  2.96914063E+00  1.60000000E+09  1.60000000E+09  4.66584731E-09  4.22383169E+03  4.19108339E+03
  2.99648438E+00  1.60000000E+09  1.60000000E+09  2.97664353E-09  4.27792512E+03  4.19035609E+03
  3.02382813E+00  1.60000000E+09  1.60000000E+09  1.90485542E-09  4.32619959E+03  4.18383886E+03
  3.05117188E+00  1.60000000E+09  1.60000000E+09  1.33443593E-09  4.32988971E+03  4.17471854E+03
  3.07851563E+00  1.60000000E+09  1.60000000E+09  1.03477880E-09  4.27229088E+03  4.16472536E+03
  3.10585938E+00  1.60000000E+09  1.60000000E+09  8.81375702E-10  4.20025792E+03  4.15463167E+03
  3.13320313E+00  1.60000000E+09  1.60000000E+09  8.13984154E-10  4.15546774E+03  4.14488603E+03
  3.16054688E+00  1.60000000E+09  1.60000000E+09  7.94901176E-10  4.13555419E+03  4.13635272E+03
  3.18789063E+00  1.60000000E+09  1.60000000E+09  7.92671677E-10  4.12619438E+03  4.12851110E+03
  3.21523438E+00  1.60000000E+09  1.60000000E+09  7.92593184E-10  4.11838875E+03  4.12074848E+03
  3.24257813E+00  1.60000000E+09  1.60000000E+09  7.92662950E-10  4.11059464E+03  4.11297709E+03
  3.26992188E+00  1.60000000E+09  1.60000000E+09  7.92708767E-10  4.10277094E+03  4.10517472E+03
  3.29726563E+00  1.60000000E+09  1.60000000E+09  7.92754651E-10  4.09491318E+03  4.09734051E+03
  3.32460938E+00  1.60000000E+09  1.60000000E+09  7.92799288E-10  4.08702332E+03  4.08947435E+03
  3.35195313E+00  1.60000000E+09  1.60000000E+09  7.92842679E-10  4.07910056E+03  4.08157586E+03
  3.37929688E+00  1.60000000E+09  1.60000000E+09  7.92884947E-10  4.07114464E+03  4.07364474E+03
  3.40664063E+00  1.60000000E+09  1.60000000E+09  7.92926125E-10  4.06315523E+03  4.06568066E+03
  3.43398438E+00  1.60000000E+09  1.60000000E+09  7.92966272E-10  4.05513199E+03  4.05768328E+03
  3.46132813E+00  1.60000000E+09  1.60000000E+09  7.93005438E-10  4.04707457E+03  4.04965227E+03
  3.48867188E+00  1.60000000E+09  1.60000000E+09  7.93043671E-10  4.03898262E+03  4.04158726E+03
  3.51601563E+00  1.60000000E+09  1.60000000E+09  7.93081012E-10  4.03085578E+03  4.03348793E+03
  3.54335938E+00  1.60000000E+09  1.60000000E+09  7.93117498E-10  4.02269369E+03  4.02535390E+03
  3.57070313E+00  1.60000000E+09  1.60000000E+09  7.93153160E-10  4.01449597E+03  4.01718481E+03
  3.59804688E+00  1.60000000E+09  1.60000000E+09  7.93188025E-10  4.00626226E+03  4.00898030E+03
  3.62539063E+00  1.60000000E+09  1.60000000E+09  7.93222115E-10  3.99799217E+03  4.00073999E+03
  3.65273438E+00  1.60000000E+09  1.60000000E+09  7.93255448E-10  3.98968531E+03  3.99246349E+03
  3.68007813E+00  1.60000000E+09  1.60000000E+09  7.93288041E-10  3.98134127E+03  3.98415042E+03
  3.70742188E+00  1.60000000E+09  1.60000000E+09  7.93319907E-10  3.97295965E+03  3.97580039E+03
  3.73476563E+00  1.60000000E+09  1.60000000E+09  7.93351057E-10  3.96454005E+03  3.96741298E+03
  3.76210938E+00  1.60000000E+09  1.60000000E+09  7.93381502E-10  3.95608203E+03  3.95898780E+03
  3.78945313E+00  1.60000000E+09  1.60000000E+09  7.93411248E-10  3.94758517E+03  3.95052442E+03
  3.81679688E+00  1.60000000E+09  1.60000000E+09  7.93440302E-10  3.93904904E+03  3.94202242E+03
  3.84414063E+00  1.60000000E+09  1.60000000E+09  7.93468667E-10  3.93047318E+03  3.93348137E+03
  3.87148438E+00  1.60000000E+09  1.60000000E+09  7.93496345E-10  3.92185715E+03  3.92490083E+03
  3.89882813E+00  1.60000000E+09  1.60000000E+09  7.93523337E-10  3.91320048E+03  3.91628036E+03
  3.92617188E+00  1.60000000E+09  1.60000000E+09  7.93549642E-10  3.90450270E+03  3.90761949E+03
  3.95351563E+00  1.60000000E+09  1.60000000E+09  7.93575258E-10  3.89576333E+03  3.89891777E+03
  3.98085938E+00  1.60000000E+09  1.60000000E+09  7.93600183E-10  3.88698188E+03  3.89017471E+03
  4.00820312E+00  1.60000000E+09  1.60000000E+09  7.93624413E-10  3.87815786E+03  3.88138985E+03
  4.03554687E+00  1.60000000E+09  1.60000000E+09  7.93647945E-10  3.86929074E+03  3.87256269E+03
  4.06289062E+00  1.60000000E+09  1.60000000E+09  7.93670776E-10  3.86038003E+03  3.86369273E+03
  4.09023437E+00  1.60000000E+09  1.60000000E+09  7.93692901E-10  3.85142518E+03  3.85477946E+03
  4.11757812E+00  1.60000000E+09  1.60000000E+09  7.93714316E-10  3.84242565E+03  3.84582236E+03
  4.14492187E+00  1.60000000E+09  1.60000000E+09  7.93735015E-10  3.83338090E+03  3.83682091E+03
  4.17226562E+00  1.60000000E+09  1.60000000E+09  7.93754993E-10  3.82429036E+03  3.82777456E+03
  4.19960937E+00  1.60000000E+09  1.60000000E+09  7.93774243E-10  3.81515346E+03  3.81868276E+03
  4.22695312E+00  1.60000000E+09  1.60000000E+09  7.93792761E-10  3.80596962E+03  3.80954496E+03
  4.25429687E+00  1.60000000E+09  1.60000000E+09  7.93810541E-10  3.79673823E+03  3.80036058E+03
  4.28164062E+00  1.60000000E+09  1.60000000E+09  7.93827576E-10  3.78745869E+03  3.79112903E+03
  4.30898437E+00  1.60000000E+09  1.60000000E+09  7.93843862E-10  3.77813037E+03  3.78184973E+03
  4.33632812E+00  1.60000000E+09  1.60000000E+09  7.93859396E-10  3.76875264E+03  3.77252205E+03
  4.36367187E+00  1.60000000E+09  1.60000000E+09  7.93874174E-10  3.75932484E+03  3.76314539E+03
  4.39101562E+00  1.60000000E+09  1.60000000E+09  7.93888196E-10  3.74984631E+03  3.75371910E+03
  4.41835937E+00  1.60000000E+09  1.60000000E+09  7.93901460E-10  3.74031636E+03  3.74424254E+03
  4.44570312E+00  1.60000000E+09  1.60000000E+09  7.93913966E-10  3.73073431E+03  3.73471505E+03
  4.47304687E+00  1.60000000E+09  1.60000000E+09  7.93925716E-10  3.72109945E+03  3.72513594E+03
  4.50039062E+00  1.60000000E+09  1.60000000E+09  7.93936708E-10  3.71141103E+03  3.71550454E+03
  4.52773437E+00  1.60000000E+09  1.60000000E+09  7.93946943E-10  3.70166832E+03  3.70582013E+03
  4.55507812E+00  1.60000000E+09  1.60000000E+09  7.93956420E-10  3.69187057E+03  3.69608198E+03
  4.58242187E+00  1.60000000E+09  1.60000000E+09  7.93965138E-10  3.68201698E+03  3.68628937E+03
  4.60976562E+00  1.60000000E+09  1.60000000E+09  7.93973095E-10  3.67210676E+03  3.67644154E+03
  4.63710937E+00  1.60000000E+09  1.60000000E+09  7.93980287E-10  3.66213910E+03  3.66653770E+03
  4.66445312E+00  1.60000000E+09  1.60000000E+09  7.93986715E-10  3.65211316E+03  3.65657709E+03
  4.69179687E+00  1.60000000E+09  1.60000000E+09  7.93992379E-10  3.64202808E+03  3.64655887E+03
  4.71914062E+00  1.60000000E+09  1.60000000E+09  7.93997266E-10  3.63188299E+03  3.63648223E+03
  4.74648437E+00  1.60000000E+09  1.60000000E+09  7.94001380E-10  3.62167698E+03  3.62634632E+03
  4.77382812E+00  1.60000000E+09  1.60000000E+09  7.94004741E-10  3.61140914E+03  3.61615027E+03
  4.80117187E+00  1.60000000E+09  1.60000000E+09  7.94007327E-10  3.60107851E+03  3.60589319E+03
  4.82851562E+00  1.60000000E+09  1.60000000E+09  7.94009102E-10  3.59068412E+03  3.59557418E+03
  4.85585937E+00  1.60000000E+09  1.60000000E+09  7.94010148E-10  3.58022500E+03  3.58519228E+03
  4.88320312E+00  1.60000000E+09  1.60000000E+09  7.94010581E-10  3.56970009E+03  3.57474656E+03
  4.91054687E+00  1.60000000E+09  1.60000000E+09  7.94010038E-10  3.55910837E+03  3.56423603E+03
  4.93789062E+00  1.60000000E+09  1.60000000E+09  7.94008791E-10  3.54844876E+03  3.55365967E+03
  4.96523437E+00  1.60000000E+09  1.60000000E+09  7.94006773E-10  3.53772014E+03  3.54301647E+03
  4.99257812E+00  1.60000000E+09  1.60000000E+09  7.94003986E-10  3.52692138E+03  3.53230535E+03
  5.01992187E+00  1.60000000E+09  1.60000000E+09  7.94000420E-10  3.51605132E+03  3.52152524E+03
  5.04726562E+00  1.60000000E+09  1.60000000E+09  7.93996067E-10  3.50510876E+03  3.51067502E+03
  5.07460937E+00  1.60000000E+09  1.60000000E+09  7.93990916E-10  3.49409246E+03  3.49975354E+03
  5.10195312E+00  1.60000000E+09  1.60000000E+09  7.93984957E-10  3.48300115E+03  3.48875962E+03
  5.12929687E+00  1.60000000E+09  1.60000000E+09  7.93978179E-10  3.47183353E+03  3.47769206E+03
  5.15664062E+00  1.60000000E+09  1.60000000E+09  7.93970573E-10  3.46058824E+03  3.46654961E+03
  5.18398437E+00  1.60000000E+09  1.60000000E+09  7.93962130E-10  3.44926392E+03  3.45533100E+03
  5.21132812E+00  1.60000000E+09  1.60000000E+09  7.93952841E-10  3.43785912E+03  3.44403492E+03
  5.23867187E+00  1.60000000E+09  1.60000000E+09  7.93942700E-10  3.42637239E+03  3.43266000E+03
  5.26601562E+00  1.60000000E+09  1.60000000E+09  7.93931700E-10  3.41480221E+03  3.42120487E+03
  5.29335937E+00  1.60000000E+09  1.60000000E+09  7.93919833E-10  3.40314701E+03  3.40966809E+03
  5.32070312E+00  1.60000000E+09  1.60000000E+09  7.93907093E-10  3.39140518E+03  3.39804819E+03
  5.34804687E+00  1.60000000E+09  1.60000000E+09  7.93893470E-10  3.37957507E+03  3.38634364E+03
  5.37539062E+00  1.60000000E+09  1.60000000E+09  7.93878955E-10  3.36765495E+03  3.37455290E+03
  5.40273437E+00  1.60000000E+09  1.60000000E+09  7.93863537E-10  3.35564305E+03  3.36267433E+03
  5.43007812E+00  1.60000000E+09  1.60000000E+09  7.93847203E-10  3.34353754E+03  3.35070629E+03
  5.45742187E+00  1.60000000E+09  1.60000000E+09  7.93829940E-10  3.33133653E+03  3.33864705E+03
  5.48476562E+00  1.60000000E+09  1.60000000E+09  7.93811733E-10  3.31903804E+03  3.32649486E+03
  5.51210937E+00  1.60000000E+09  1.60000000E+09  7.93792569E-10  3.30664007E+03  3.31424787E+03
  5.53945312E+00  1.60000000E+09  1.60000000E+09  7.93772434E-10  3.29414049E+03  3.30190420E+03
  5.56679687E+00  1.60000000E+09  1.60000000E+09  7.93751313E-10  3.28153715E+03  3.28946192E+03
  5.59414062E+00  1.60000000E+09  1.60000000E+09  7.93729193E-10  3.26882778E+03  3.27691899E+03
  5.62148437E+00  1.60000000E+09  1.60000000E+09  7.93706064E-10  3.25601004E+03  3.26427333E+03
  5.64882812E+00  1.60000000E+09  1.60000000E+09  7.93681911E-10  3.24308152E+03  3.25152280E+03
  5.67617187E+00  1.60000000E+09  1.60000000E+09  7.93656723E-10  3.23003969E+03  3.23866516E+03
  5.70351562E+00  1.60000000E+09  1.60000000E+09  7.93630488E-10  3.21688194E+03  3.22569809E+03
  5.73085937E+00  1.60000000E+09  1.60000000E+09  7.93603192E-10  3.20360555E+03  3.21261921E+03
  5.75820312E+00  1.60000000E+09  1.60000000E+09  7.93574823E-10  3.19020768E+03  3.19942602E+03
  5.78554687E+00  1.60000000E+09  1.60000000E+09  7.93545367E-10  3.17668541E+03  3.18611597E+03
  5.81289062E+00  1.60000000E+09  1.60000000E+09  7.93514809E-10  3.16303565E+03  3.17268637E+03
  5.84023437E+00  1.60000000E+09  1.60000000E+09  7.93483132E-10  3.14925521E+03  3.15913445E+03
  5.86757812E+00  1.60000000E+09  1.60000000E+09  7.93450316E-10  3.13534076E+03  3.14545732E+03
  5.89492187E+00  1.60000000E+09  1.60000000E+09  7.93416335E-10  3.12128881E+03  3.13165200E+03
  5.92226562E+00  1.60000000E+09  1.60000000E+09  7.93381163E-10  3.10709574E+03  3.11771536E+03
  5.94960937E+00  1.60000000E+09  1.60000000E+09  7.93344775E-10  3.09275773E+03  3.10364416E+03
  5.97695312E+00  1.60000000E+09  1.60000000E+09  7.93307161E-10  3.07827081E+03  3.08943502E+03
  6.00429687E+00  1.60000000E+09  1.60000000E+09  7.93268321E-10  3.06363083E+03  3.07508443E+03
  6.03164062E+00  1.60000000E+09  1.60000000E+09  7.93228273E-10  3.04883342E+03  3.06058869E+03
  6.05898437E+00  1.60000000E+09  1.60000000E+09  7.93187032E-10  3.03387398E+03  3.04594399E+03
  6.08632812E+00  1.60000000E+09  1.60000000E+09  7.93144587E-10  3.01874769E+03  3.03114631E+03
  6.11367187E+00  1.60000000E+09  1.60000000E+09  7.93100864E-10  3.00344945E+03  3.01619147E+03
  6.14101562E+00  1.60000000E+09  1.60000000E+09  7.93055704E-10  2.98797390E+03  3.00107508E+03
  6.16835937E+00  1.60000000E+09  1.60000000E+09  7.93008871E-10  2.97231540E+03  2.98579257E+03
  6.19570312E+00  1.60000000E+09  1.60000000E+09  7.92960115E-10  2.95646804E+03  2.97033913E+03
  6.22304687E+00  1.60000000E+09  1.60000000E+09  7.92909284E-10  2.94042562E+03  2.95470973E+03
  6.25039062E+00  1.60000000E+09  1.60000000E+09  7.92856481E-10  2.92418162E+03  2.93889912E+03
  6.27773437E+00  1.60000000E+09  1.60000000E+09  7.92802185E-10  2.90772915E+03  2.92290172E+03
  6.30507812E+00  1.60000000E+09  1.60000000E+09  7.92747256E-10  2.89106083E+03  2.90671169E+03
  6.33242187E+00  1.60000000E+09  1.60000000E+09  7.92692731E-10  2.87416870E+03  2.89032283E+03
  6.35976562E+00  1.60000000E+09  1.60000000E+09  7.92639385E-10  2.85704408E+03  2.87372859E+03
  6.38710937E+00  1.60000000E+09  1.60000000E+09  7.92587145E-10  2.83967758E+03  2.85692204E+03
  6.41445312E+00  1.60000000E+09  1.60000000E+09  7.92534610E-10  2.82205902E+03  2.83989588E+03
  6.44179687E+00  1.60000000E+09  1.60000000E+09  7.92478850E-10  2.80417756E+03  2.82264242E+03
  6.46914062E+00  1.60000000E+09  1.60000000E+09  7.92415606E-10  2.78602168E+03  2.80515362E+03
  6.49648437E+00  1.60000000E+09  1.60000000E+09  7.92339895E-10  2.76757926E+03  2.78742106E+03
  6.52382812E+00  1.60000000E+09  1.60000000E+09  7.92247062E-10  2.74883766E+03  2.76943593E+03
  6.55117187E+00  1.60000000E+09  1.60000000E+09  7.92134251E-10  2.72978437E+03  2.75118898E+03
  6.57851562E+00  1.60000000E+09  1.60000000E+09  7.92002886E-10  2.71040825E+03  2.73267039E+03
  6.60585937E+00  1.60000000E+09  1.60000000E+09  7.91865265E-10  2.69069921E+03  2.71386951E+03
  6.63320312E+00  1.60000000E+09  1.60000000E+09  7.91754369E-10  2.67064324E+03  2.69477453E+03
  6.66054687E+00  1.60000000E+09  1.60000000E+09  7.91705749E-10  2.65021701E+03  2.67537193E+03
  6.68789062E+00  1.60000000E+09  1.60000000E+09  7.91704188E-10  2.62939322E+03  2.65564507E+03
  6.71523437E+00  1.60000000E+09  1.60000000E+09  7.91749445E-10  2.60814751E+03  2.63557928E+03
  6.74257812E+00  1.60000000E+09  1.60000000E+09  7.91868480E-10  2.58644936E+03  2.61515641E+03
  6.76992187E+00  1.60000000E+09  1.60000000E+09  7.92071484E-10  2.56425567E+03  2.59435658E+03
  6.79726562E+00  1.60000000E+09  1.60000000E+09  7.92357570E-10  2.54151080E+03  2.57315822E+03
  6.82460937E+00  1.60000000E+09  1.60000000E+09  7.92705744E-10  2.51815556E+03  2.55153846E+03
  6.85195312E+00  1.60000000E+09  1.60000000E+09  7.93088574E-10  2.49413879E+03  2.52947372E+03
  6.87929687E+00  1.60000000E+09  1.60000000E+09  7.93489456E-10  2.46941660E+03  2.50693952E+03
  6.90664062E+00  1.60000000E+09  1.60000000E+09  7.93892072E-10  2.44394234E+03  2.48390996E+03
  6.93398437E+00  1.60000000E+09  1.60000000E+09  7.94253627E-10  2.41765461E+03  2.46035769E+03
  6.96132812E+00  1.60000000E+09  1.60000000E+09  7.94509435E-10  2.39046265E+03  2.43625429E+03
  6.98867187E+00  1.60000000E+09  1.60000000E+09  7.94629039E-10  2.36223666E+03  2.41156973E+03
  7.01601562E+00  1.60000000E+09  1.60000000E+09  7.94654030E-10  2.33282165E+03  2.38627340E+03
  7.04335937E+00  1.60000000E+09  1.60000000E+09  7.94527756E-10  2.30205902E+03  2.36033283E+03
  7.07070312E+00  1.60000000E+09  1.60000000E+09  7.93992248E-10  2.26971997E+03  2.33371362E+03
  7.09804687E+00  1.60000000E+09  1.60000000E+09  7.93245382E-10  2.23537533E+03  2.30638673E+03
  7.12539062E+00  1.60000000E+09  1.60000000E+09  7.92391003E-10  2.19853976E+03  2.27831486E+03
  7.15273437E+00  1.60000000E+09  1.60000000E+09  7.91513512E-10  2.15878391E+03  2.24946330E+03
  7.18007812E+00  1.60000000E+09  1.60000000E+09  7.90702012E-10  2.11558552E+03  2.21979829E+03
  7.20742187E+00  1.60000000E+09  1.60000000E+09  7.89992412E-10  2.06835876E+03  2.18929130E+03
  7.23476562E+00  1.60000000E+09  1.60000000E+09  7.89388651E-10  2.01652171E+03  2.15792440E+03
  7.26210937E+00  1.60000000E+09  1.60000000E+09  7.88870654E-10  1.95954452E+03  2.12569550E+03
  7.28945312E+00  1.60000000E+09  1.60000000E+09  7.88407146E-10  1.89703222E+03  2.09262353E+03
  7.31679687E+00  1.60000000E+09  1.60000000E+09  7.87968287E-10  1.82881993E+03  2.05875250E+03
  7.34414062E+00  1.60000000E+09  1.60000000E+09  7.87531968E-10  1.75505443E+03  2.02415356E+03
  7.37148437E+00  1.60000000E+09  1.60000000E+09  7.87085537E-10  1.67623983E+03  1.98892440E+03
  7.39882812E+00  1.60000000E+09  1.60000000E+09  7.86624568E-10  1.59322982E+03  1.95318561E+03
  7.42617187E+00  1.60000000E+09  1.60000000E+09  7.86150472E-10  1.50716282E+03  1.91707432E+03
  7.45351562E+00  1.60000000E+09  1.60000000E+09  7.85668159E-10  1.41935289E+03  1.88073618E+03
  7.48085937E+00  1.60000000E+09  1.60000000E+09  7.85184163E-10  1.33116143E+03  1.84431688E+03
  7.50820312E+00  1.60000000E+09  1.60000000E+09  7.84705282E-10  1.24387733E+03  1.80795465E+03
  7.53554687E+00  1.60000000E+09  1.60000000E+09  7.84237689E-10  1.15862641E+03  1.77177456E+03
  7.56289062E+00  1.60000000E+09  1.60000000E+09  7.83786457E-10  1.07631899E+03  1.73588514E+03
  7.59023437E+00  1.60000000E+09  1.60000000E+09  7.83355383E-10  9.97633784E+02  1.70037695E+03
  7.61757812E+00  1.60000000E+09  1.60000000E+09  7.82947020E-10  9.23029124E+02  1.66532298E+03
  7.64492187E+00  1.60000000E+09  1.60000000E+09  7.82562836E-10  8.52771075E+02  1.63077999E+03
  7.67226562E+00  1.60000000E+09  1.60000000E+09  7.82203407E-10  7.86968769E+02  1.59679052E+03
  7.69960937E+00  1.60000000E+09  1.60000000E+09  7.81868630E-10  7.25610332E+02  1.56338513E+03
  7.72695312E+00  1.60000000E+09  1.60000000E+09  7.81557906E-10  6.68595397E+02  1.53058455E+03
  7.75429687E+00  1.60000000E+09  1.60000000E+09  7.81270300E-10  6.15762414E+02  1.49840156E+03
  7.78164062E+00  1.60000000E+09  1.60000000E+09  7.81004657E-10  5.66910395E+02  1.46684278E+03
  7.80898437E+00  1.60000000E+09  1.60000000E+09  7.80759704E-10  5.21815509E+02  1.43590996E+03
  7.83632812E+00  1.60000000E+09  1.60000000E+09  7.80534114E-10  4.80243311E+02  1.40560122E+03
  7.86367187E+00  1.60000000E+09  1.60000000E+09  7.80326554E-10  4.41957460E+02  1.37591188E+03
  7.89101562E+00  1.60000000E+09  1.60000000E+09  7.80135722E-10  4.06725726E+02  1.34683522E+03
  7.91835937E+00  1.60000000E+09  1.60000000E+09  7.79960363E-10  3.74323955E+02  1.31836300E+03
  7.94570312E+00  1.60000000E+09  1.60000000E+09  7.79799287E-10  3.44538537E+02  1.29048594E+03
  7.97304687E+00  1.60000000E+09  1.60000000E+09  7.79651372E-10  3.17167816E+02  1.26319400E+03
  8.00039062E+00  1.60000000E+09  1.60000000E+09  7.79515572E-10  2.92022733E+02  1.23647665E+03
  8.02773437E+00  1.60000000E+09  1.60000000E+09  7.79390912E-10  2.68926957E+02  1.21032305E+03
  8.05507812E+00  1.60000000E+09  1.60000000E+09  7.79276487E-10  2.47716673E+02  1.18472220E+03
  8.08242187E+00  1.60000000E+09  1.60000000E+09  7.79171464E-10  2.28240138E+02  1.15966304E+03
  8.10976562E+00  1.60000000E+09  1.60000000E+09  7.79075072E-10  2.10357111E+02  1.13513453E+03
  8.13710937E+00  1.60000000E+09  1.60000000E+09  7.78986602E-10  1.93938201E+02  1.11112571E+03
  8.16445312E+00  1.60000000E+09  1.60000000E+09  7.78905403E-10  1.78864178E+02  1.08762574E+03
  8.19179687E+00  1.60000000E+09  1.60000000E+09  7.78830874E-10  1.65025287E+02  1.06462391E+03
  8.21914062E+00  1.60000000E+09  1.60000000E+09  7.78762466E-10  1.52320568E+02  1.04210971E+03
  8.24648437E+00  1.60000000E+09  1.60000000E+09  7.78699673E-10  1.40657204E+02  1.02007279E+03
  8.27382812E+00  1.60000000E+09  1.60000000E+09  7.78642032E-10  1.29949903E+02  9.98503006E+02
  8.30117187E+00  1.60000000E+09  1.60000000E+09  7.78589119E-10  1.20120306E+02  9.77390403E+02
  8.32851562E+00  1.60000000E+09  1.60000000E+09  7.78540542E-10  1.11096447E+02  9.56725234E+02
  8.35585937E+00  1.60000000E+09  1.60000000E+09  7.78495945E-10  1.02812239E+02  9.36497953E+02
  8.38320312E+00  1.60000000E+09  1.60000000E+09  7.78455000E-10  9.52070019E+01  9.16699214E+02
  8.41054687E+00  1.60000000E+09  1.60000000E+09  7.78417406E-10  8.82250247E+01  8.97319872E+02
  8.43789062E+00  1.60000000E+09  1.60000000E+09  7.78382888E-10  8.18151614E+01  8.78350976E+02
  8.46523437E+00  1.60000000E+09  1.60000000E+09  7.78351195E-10  7.59304585E+01  8.59783772E+02
  8.49257812E+00  1.60000000E+09  1.60000000E+09  7.78322095E-10  7.05278114E+01  8.41609694E+02
  8.51992187E+00  1.60000000E+09  1.60000000E+09  7.78295377E-10  6.55676491E+01  8.23820364E+02
  8.54726562E+00  1.60000000E+09  1.60000000E+09  7.78270847E-10  6.10136435E+01  8.06407586E+02
  8.57460937E+00  1.60000000E+09  1.60000000E+09  7.78248328E-10  5.68324428E+01  7.89363342E+02
  8.60195312E+00  1.60000000E+09  1.60000000E+09  7.78227659E-10  5.29934262E+01  7.72679791E+02
  8.62929687E+00  1.60000000E+09  1.60000000E+09  7.78208692E-10  4.94684790E+01  7.56349261E+02
  8.65664062E+00  1.60000000E+09  1.60000000E+09  7.78191292E-10  4.62317853E+01  7.40364249E+02
  8.68398437E+00  1.60000000E+09  1.60000000E+09  7.78175337E-10  4.32596380E+01  7.24717415E+02
  8.71132812E+00  1.60000000E+09  1.60000000E+09  7.78160715E-10  4.05302649E+01  7.09401578E+02
  8.73867187E+00  1.60000000E+09  1.60000000E+09  7.78147322E-10  3.80236673E+01  6.94409717E+02
  8.76601562E+00  1.60000000E+09  1.60000000E+09  7.78135068E-10  3.57214734E+01  6.79734960E+02
  8.79335937E+00  1.60000000E+09  1.60000000E+09  7.78123868E-10  3.36068025E+01  6.65370590E+02
  8.82070312E+00  1.60000000E+09  1.60000000E+09  7.78113648E-10  3.16641409E+01  6.51310032E+02
  8.84804687E+00  1.60000000E+09  1.60000000E+09  7.78104338E-10  2.98792267E+01  6.37546860E+02
  8.87539062E+00  1.60000000E+09  1.60000000E+09  7.78095877E-10  2.82389450E+01  6.24074788E+02
  8.90273437E+00  1.60000000E+09  1.60000000E+09  7.78088207E-10  2.67312304E+01  6.10887670E+02
  8.93007812E+00  1.60000000E+09  1.60000000E+09  7.78081277E-10  2.53449777E+01  5.97979499E+02
  8.95742187E+00  1.60000000E+09  1.60000000E+09  7.78075042E-10  2.40699591E+01  5.85344402E+02
  8.98476562E+00  1.60000000E+09  1.60000000E+09  7.78069460E-10  2.28967482E+01  5.72976642E+02
  9.01210937E+00  1.60000000E+09  1.60000000E+09  7.78064494E-10  2.18166496E+01  5.60870615E+02
  9.03945312E+00  1.60000000E+09  1.60000000E+09  7.78060106E-10  2.08216336E+01  5.49020853E+02
  9.06679687E+00  1.60000000E+09  1.60000000E+09  7.78056262E-10  1.99042758E+01  5.37422020E+02
  9.09414062E+00  1.60000000E+09  1.60000000E+09  7.78052927E-10  1.90576998E+01  5.26068916E+02
  9.12148437E+00  1.60000000E+09  1.60000000E+09  7.78050066E-10  1.82755249E+01  5.14956476E+02
  9.14882812E+00  1.60000000E+09  1.60000000E+09  7.78047647E-10  1.75518169E+01  5.04079777E+02
  9.17617187E+00  1.60000000E+09  1.60000000E+09  7.78045630E-10  1.68810424E+01  4.93434041E+02
  9.20351562E+00  1.60000000E+09  1.60000000E+09  7.78043973E-10  1.62580251E+01  4.83014638E+02
  9.23085937E+00  1.60000000E+09  1.60000000E+09  7.78042623E-10  1.56779052E+01  4.72817099E+02
  9.25820312E+00  1.60000000E+09  1.60000000E+09  7.78041521E-10  1.51360979E+01  4.62837121E+02
  9.28554687E+00  1.60000000E+09  1.60000000E+09  7.78040594E-10  1.46282546E+01  4.53070584E+02
  9.31289062E+00  1.60000000E+09  1.60000000E+09  7.78039761E-10  1.41502259E+01  4.43513564E+02
  9.34023437E+00  1.60000000E+09  1.60000000E+09  7.78038922E-10  1.36980262E+01  4.34162358E+02
  9.36757812E+00  1.60000000E+09  1.60000000E+09  7.78037949E-10  1.32678003E+01  4.25013503E+02
  9.39492187E+00  1.60000000E+09  1.60000000E+09  7.78036685E-10  1.28557888E+01  4.16063813E+02
  9.42226562E+00  1.60000000E+09  1.60000000E+09  7.78034935E-10  1.24582936E+01  4.07310413E+02
  9.44960937E+00  1.60000000E+09  1.60000000E+09  7.78032468E-10  1.20716497E+01  3.98750780E+02
  9.47695312E+00  1.60000000E+09  1.60000000E+09  7.78029017E-10  1.16922311E+01  3.90382692E+02
  9.50429687E+00  1.60000000E+09  1.60000000E+09  7.78024307E-10  1.13166066E+01  3.82205167E+02
  9.53164062E+00  1.60000000E+09  1.60000000E+09  7.78018159E-10  1.09423210E+01  3.74241617E+02
  9.55898437E+00  1.60000000E+09  1.60000000E+09  7.78010848E-10  1.05712863E+01  3.66509041E+02
  9.58632812E+00  1.60000000E+09  1.60000000E+09  7.78003840E-10  1.02249894E+01  3.54271204E+02
