ZEUS-MP field variables at time =  8.60288481E+02

 x1b (comoving)          x2b             x3b         density         Tgas            Trad 
  1.85729571E-01  1.60000000E+09  1.60000000E+09  3.21595028E-09  3.01773798E+03  2.73713640E+03
  2.13073321E-01  1.60000000E+09  1.60000000E+09  2.09958321E-09  3.14007647E+03  2.71203381E+03
  2.40417071E-01  1.60000000E+09  1.60000000E+09  1.42940890E-09  3.15317658E+03  2.67407968E+03
  2.67760821E-01  1.60000000E+09  1.60000000E+09  1.07646220E-09  2.93641438E+03  2.63175973E+03
  2.95104571E-01  1.60000000E+09  1.60000000E+09  8.93754369E-10  2.63933494E+03  2.58948261E+03
  3.22448321E-01  1.60000000E+09  1.60000000E+09  8.09325159E-10  2.45517058E+03  2.54952067E+03
  3.49792071E-01  1.60000000E+09  1.60000000E+09  7.82928713E-10  2.36509575E+03  2.51199498E+03
  3.77135821E-01  1.60000000E+09  1.60000000E+09  7.79708682E-10  2.29887074E+03  2.47506495E+03
  4.04479571E-01  1.60000000E+09  1.60000000E+09  7.79675798E-10  2.22949714E+03  2.43773840E+03
  4.31823321E-01  1.60000000E+09  1.60000000E+09  7.79697487E-10  2.15390550E+03  2.39950981E+03
  4.59167071E-01  1.60000000E+09  1.60000000E+09  7.79704703E-10  2.07241683E+03  2.36040569E+03
  4.86510821E-01  1.60000000E+09  1.60000000E+09  7.79688228E-10  1.98551276E+03  2.32052806E+03
  5.13854571E-01  1.60000000E+09  1.60000000E+09  7.79657359E-10  1.89401870E+03  2.28000335E+03
  5.41198321E-01  1.60000000E+09  1.60000000E+09  7.79611860E-10  1.79904394E+03  2.23897617E+03
  5.68542071E-01  1.60000000E+09  1.60000000E+09  7.79554234E-10  1.70189062E+03  2.19760254E+03
  5.95885821E-01  1.60000000E+09  1.60000000E+09  7.79487054E-10  1.60393971E+03  2.15604153E+03
  6.23229571E-01  1.60000000E+09  1.60000000E+09  7.79412978E-10  1.50653710E+03  2.11444751E+03
  6.50573321E-01  1.60000000E+09  1.60000000E+09  7.79334527E-10  1.41089946E+03  2.07296380E+03
  6.77917071E-01  1.60000000E+09  1.60000000E+09  7.79253943E-10  1.31805147E+03  2.03171827E+03
  7.05260821E-01  1.60000000E+09  1.60000000E+09  7.79173105E-10  1.22879630E+03  1.99082107E+03
  7.32604571E-01  1.60000000E+09  1.60000000E+09  7.79093505E-10  1.14371437E+03  1.95036399E+03
  7.59948321E-01  1.60000000E+09  1.60000000E+09  7.79016268E-10  1.06318187E+03  1.91042126E+03
  7.87292071E-01  1.60000000E+09  1.60000000E+09  7.78942188E-10  9.87400382E+02  1.87105115E+03
  8.14635821E-01  1.60000000E+09  1.60000000E+09  7.78871786E-10  9.16430461E+02  1.83229789E+03
  8.41979571E-01  1.60000000E+09  1.60000000E+09  7.78805365E-10  8.50224397E+02  1.79419390E+03
  8.69323321E-01  1.60000000E+09  1.60000000E+09  7.78743057E-10  7.88655331E+02  1.75676175E+03
  8.96667071E-01  1.60000000E+09  1.60000000E+09  7.78684874E-10  7.31541607E+02  1.72001605E+03
  9.24010821E-01  1.60000000E+09  1.60000000E+09  7.78630735E-10  6.78666231E+02  1.68396500E+03
  9.51354571E-01  1.60000000E+09  1.60000000E+09  7.78580503E-10  6.29791824E+02  1.64861179E+03
  9.78698321E-01  1.60000000E+09  1.60000000E+09  7.78533998E-10  5.84671772E+02  1.61395566E+03
  1.00604207E+00  1.60000000E+09  1.60000000E+09  7.78491020E-10  5.43058277E+02  1.57999282E+03
  1.03338582E+00  1.60000000E+09  1.60000000E+09  7.78451355E-10  5.04707997E+02  1.54671716E+03
  1.06072957E+00  1.60000000E+09  1.60000000E+09  7.78414790E-10  4.69385832E+02  1.51412083E+03
  1.08807332E+00  1.60000000E+09  1.60000000E+09  7.78381110E-10  4.36867346E+02  1.48219467E+03
  1.11541707E+00  1.60000000E+09  1.60000000E+09  7.78350108E-10  4.06940181E+02  1.45092858E+03
  1.14276082E+00  1.60000000E+09  1.60000000E+09  7.78321588E-10  3.79404759E+02  1.42031177E+03
  1.17010457E+00  1.60000000E+09  1.60000000E+09  7.78295361E-10  3.54074466E+02  1.39033299E+03
  1.19744832E+00  1.60000000E+09  1.60000000E+09  7.78271252E-10  3.30775505E+02  1.36098069E+03
  1.22479207E+00  1.60000000E+09  1.60000000E+09  7.78249095E-10  3.09346502E+02  1.33224314E+03
  1.25213582E+00  1.60000000E+09  1.60000000E+09  7.78228736E-10  2.89637980E+02  1.30410853E+03
  1.27947957E+00  1.60000000E+09  1.60000000E+09  7.78210033E-10  2.71511734E+02  1.27656503E+03
  1.30682332E+00  1.60000000E+09  1.60000000E+09  7.78192853E-10  2.54840168E+02  1.24960089E+03
  1.33416707E+00  1.60000000E+09  1.60000000E+09  7.78177074E-10  2.39505617E+02  1.22320443E+03
  1.36151082E+00  1.60000000E+09  1.60000000E+09  7.78162582E-10  2.25399670E+02  1.19736411E+03
  1.38885457E+00  1.60000000E+09  1.60000000E+09  7.78149275E-10  2.12422511E+02  1.17206851E+03
  1.41619832E+00  1.60000000E+09  1.60000000E+09  7.78137054E-10  2.00482294E+02  1.14730641E+03
  1.44354207E+00  1.60000000E+09  1.60000000E+09  7.78125833E-10  1.89494542E+02  1.12306675E+03
  1.47088582E+00  1.60000000E+09  1.60000000E+09  7.78115530E-10  1.79381584E+02  1.09933867E+03
  1.49822957E+00  1.60000000E+09  1.60000000E+09  7.78106070E-10  1.70072025E+02  1.07611148E+03
  1.52557332E+00  1.60000000E+09  1.60000000E+09  7.78097384E-10  1.61500256E+02  1.05337472E+03
  1.55291707E+00  1.60000000E+09  1.60000000E+09  7.78089409E-10  1.53605995E+02  1.03111810E+03
  1.58026082E+00  1.60000000E+09  1.60000000E+09  7.78082087E-10  1.46333864E+02  1.00933154E+03
  1.60760457E+00  1.60000000E+09  1.60000000E+09  7.78075364E-10  1.39632992E+02  9.88005170E+02
  1.63494832E+00  1.60000000E+09  1.60000000E+09  7.78069192E-10  1.33456657E+02  9.67129303E+02
  1.66229207E+00  1.60000000E+09  1.60000000E+09  7.78063525E-10  1.27761948E+02  9.46694452E+02
  1.68963582E+00  1.60000000E+09  1.60000000E+09  7.78058322E-10  1.22509460E+02  9.26691326E+02
  1.71697957E+00  1.60000000E+09  1.60000000E+09  7.78053545E-10  1.17663003E+02  9.07110823E+02
  1.74432332E+00  1.60000000E+09  1.60000000E+09  7.78049160E-10  1.13189349E+02  8.87944030E+02
  1.77166707E+00  1.60000000E+09  1.60000000E+09  7.78045134E-10  1.09057982E+02  8.69182217E+02
  1.79901082E+00  1.60000000E+09  1.60000000E+09  7.78041437E-10  1.05240885E+02  8.50816839E+02
  1.82635457E+00  1.60000000E+09  1.60000000E+09  7.78038043E-10  1.01712332E+02  8.32839526E+02
  1.85369832E+00  1.60000000E+09  1.60000000E+09  7.78034927E-10  9.84487016E+01  8.15242086E+02
  1.88104207E+00  1.60000000E+09  1.60000000E+09  7.78032067E-10  9.54283044E+01  7.98016498E+02
  1.90838582E+00  1.60000000E+09  1.60000000E+09  7.78029440E-10  9.26312271E+01  7.81154909E+02
  1.93572957E+00  1.60000000E+09  1.60000000E+09  7.78027029E-10  9.00391858E+01  7.64649632E+02
  1.96307332E+00  1.60000000E+09  1.60000000E+09  7.78024815E-10  8.76353933E+01  7.48493141E+02
  1.99041707E+00  1.60000000E+09  1.60000000E+09  7.78022783E-10  8.54044365E+01  7.32678068E+02
  2.01776082E+00  1.60000000E+09  1.60000000E+09  7.78020917E-10  8.33321641E+01  7.17197203E+02
  2.04510457E+00  1.60000000E+09  1.60000000E+09  7.78019204E-10  8.14055832E+01  7.02043485E+02
  2.07244832E+00  1.60000000E+09  1.60000000E+09  7.78017631E-10  7.96127649E+01  6.87210004E+02
  2.09979207E+00  1.60000000E+09  1.60000000E+09  7.78016187E-10  7.79427566E+01  6.72689995E+02
  2.12713582E+00  1.60000000E+09  1.60000000E+09  7.78014861E-10  7.63855026E+01  6.58476837E+02
  2.15447957E+00  1.60000000E+09  1.60000000E+09  7.78013644E-10  7.49317707E+01  6.44564048E+02
  2.18182332E+00  1.60000000E+09  1.60000000E+09  7.78012527E-10  7.35730842E+01  6.30945282E+02
  2.20916707E+00  1.60000000E+09  1.60000000E+09  7.78011501E-10  7.23016607E+01  6.17614329E+02
  2.23651082E+00  1.60000000E+09  1.60000000E+09  7.78010559E-10  7.11103551E+01  6.04565110E+02
  2.26385457E+00  1.60000000E+09  1.60000000E+09  7.78009694E-10  6.99926071E+01  5.91791673E+02
  2.29119832E+00  1.60000000E+09  1.60000000E+09  7.78008900E-10  6.89423938E+01  5.79288193E+02
  2.31854207E+00  1.60000000E+09  1.60000000E+09  7.78008171E-10  6.79541852E+01  5.67048969E+02
  2.34588582E+00  1.60000000E+09  1.60000000E+09  7.78007502E-10  6.70229044E+01  5.55068418E+02
  2.37322957E+00  1.60000000E+09  1.60000000E+09  7.78006887E-10  6.61438899E+01  5.43341077E+02
  2.40057332E+00  1.60000000E+09  1.60000000E+09  7.78006323E-10  6.53128620E+01  5.31861599E+02
  2.42791707E+00  1.60000000E+09  1.60000000E+09  7.78005806E-10  6.45258917E+01  5.20624749E+02
  2.45526082E+00  1.60000000E+09  1.60000000E+09  7.78005330E-10  6.37793712E+01  5.09625403E+02
  2.48260457E+00  1.60000000E+09  1.60000000E+09  7.78004894E-10  6.30699885E+01  4.98858545E+02
  2.50994832E+00  1.60000000E+09  1.60000000E+09  7.78004493E-10  6.23947027E+01  4.88319265E+02
  2.53729207E+00  1.60000000E+09  1.60000000E+09  7.78004125E-10  6.17507218E+01  4.78002758E+02
  2.56463582E+00  1.60000000E+09  1.60000000E+09  7.78003787E-10  6.11354826E+01  4.67904320E+02
  2.59197957E+00  1.60000000E+09  1.60000000E+09  7.78003477E-10  6.05466315E+01  4.58019346E+02
  2.61932332E+00  1.60000000E+09  1.60000000E+09  7.78003192E-10  5.99820079E+01  4.48343330E+02
  2.64666707E+00  1.60000000E+09  1.60000000E+09  7.78002931E-10  5.94396280E+01  4.38871859E+02
  2.67401082E+00  1.60000000E+09  1.60000000E+09  7.78002691E-10  5.89176704E+01  4.29600616E+02
  2.70135457E+00  1.60000000E+09  1.60000000E+09  7.78002470E-10  5.84144628E+01  4.20525374E+02
  2.72869832E+00  1.60000000E+09  1.60000000E+09  7.78002268E-10  5.79284700E+01  4.11641994E+02
  2.75604207E+00  1.60000000E+09  1.60000000E+09  7.78002082E-10  5.74582824E+01  4.02946427E+02
  2.78338582E+00  1.60000000E+09  1.60000000E+09  7.78001912E-10  5.70026058E+01  3.94434709E+02
  2.81072957E+00  1.60000000E+09  1.60000000E+09  7.78001755E-10  5.65602520E+01  3.86102960E+02
  2.83807332E+00  1.60000000E+09  1.60000000E+09  7.78001611E-10  5.61301301E+01  3.77947382E+02
  2.86541707E+00  1.60000000E+09  1.60000000E+09  7.78001479E-10  5.57112386E+01  3.69964257E+02
  2.89276082E+00  1.60000000E+09  1.60000000E+09  7.78001358E-10  5.53026578E+01  3.62149945E+02
  2.92010457E+00  1.60000000E+09  1.60000000E+09  7.78001247E-10  5.49035435E+01  3.54500886E+02
  2.94744832E+00  1.60000000E+09  1.60000000E+09  7.78001145E-10  5.45131205E+01  3.47013592E+02
  2.97479207E+00  1.60000000E+09  1.60000000E+09  7.78001051E-10  5.41306772E+01  3.39684651E+02
  3.00213582E+00  1.60000000E+09  1.60000000E+09  7.78000965E-10  5.37555602E+01  3.32510724E+02
  3.02947957E+00  1.60000000E+09  1.60000000E+09  7.78000886E-10  5.33871695E+01  3.25488539E+02
  3.05682332E+00  1.60000000E+09  1.60000000E+09  7.78000813E-10  5.30249545E+01  3.18614897E+02
  3.08416707E+00  1.60000000E+09  1.60000000E+09  7.78000747E-10  5.26684094E+01  3.11886667E+02
  3.11151082E+00  1.60000000E+09  1.60000000E+09  7.78000686E-10  5.23170700E+01  3.05300780E+02
  3.13885457E+00  1.60000000E+09  1.60000000E+09  7.78000629E-10  5.19705099E+01  2.98854238E+02
  3.16619832E+00  1.60000000E+09  1.60000000E+09  7.78000578E-10  5.16283380E+01  2.92544101E+02
  3.19354207E+00  1.60000000E+09  1.60000000E+09  7.78000531E-10  5.12901947E+01  2.86367495E+02
  3.22088582E+00  1.60000000E+09  1.60000000E+09  7.78000487E-10  5.09557504E+01  2.80321607E+02
  3.24822957E+00  1.60000000E+09  1.60000000E+09  7.78000447E-10  5.06247020E+01  2.74403680E+02
  3.27557332E+00  1.60000000E+09  1.60000000E+09  7.78000411E-10  5.02967715E+01  2.68611021E+02
  3.30291707E+00  1.60000000E+09  1.60000000E+09  7.78000377E-10  4.99717037E+01  2.62940988E+02
  3.33026082E+00  1.60000000E+09  1.60000000E+09  7.78000346E-10  4.96492641E+01  2.57391001E+02
  3.35760457E+00  1.60000000E+09  1.60000000E+09  7.78000318E-10  4.93292375E+01  2.51958530E+02
  3.38494832E+00  1.60000000E+09  1.60000000E+09  7.78000292E-10  4.90114263E+01  2.46641102E+02
  3.41229207E+00  1.60000000E+09  1.60000000E+09  7.78000268E-10  4.86956492E+01  2.41436295E+02
  3.43963582E+00  1.60000000E+09  1.60000000E+09  7.78000246E-10  4.83817395E+01  2.36341737E+02
  3.46697957E+00  1.60000000E+09  1.60000000E+09  7.78000226E-10  4.80695444E+01  2.31355110E+02
  3.49432332E+00  1.60000000E+09  1.60000000E+09  7.78000207E-10  4.77589234E+01  2.26474143E+02
  3.52166707E+00  1.60000000E+09  1.60000000E+09  7.78000190E-10  4.74497478E+01  2.21696612E+02
  3.54901082E+00  1.60000000E+09  1.60000000E+09  7.78000175E-10  4.71418990E+01  2.17020344E+02
  3.57635457E+00  1.60000000E+09  1.60000000E+09  7.78000160E-10  4.68352686E+01  2.12443208E+02
  3.60369832E+00  1.60000000E+09  1.60000000E+09  7.78000147E-10  4.65297566E+01  2.07963121E+02
  3.63104207E+00  1.60000000E+09  1.60000000E+09  7.78000135E-10  4.62252716E+01  2.03578044E+02
  3.65838582E+00  1.60000000E+09  1.60000000E+09  7.78000124E-10  4.59217295E+01  1.99285979E+02
  3.68572957E+00  1.60000000E+09  1.60000000E+09  7.78000114E-10  4.56190530E+01  1.95084975E+02
  3.71307332E+00  1.60000000E+09  1.60000000E+09  7.78000105E-10  4.53171712E+01  1.90973119E+02
  3.74041707E+00  1.60000000E+09  1.60000000E+09  7.78000096E-10  4.50160192E+01  1.86948538E+02
  3.76776082E+00  1.60000000E+09  1.60000000E+09  7.78000088E-10  4.47155371E+01  1.83009403E+02
  3.79510457E+00  1.60000000E+09  1.60000000E+09  7.78000081E-10  4.44156701E+01  1.79153919E+02
  3.82244832E+00  1.60000000E+09  1.60000000E+09  7.78000074E-10  4.41163678E+01  1.75380334E+02
  3.84979207E+00  1.60000000E+09  1.60000000E+09  7.78000068E-10  4.38175840E+01  1.71686928E+02
  3.87713582E+00  1.60000000E+09  1.60000000E+09  7.78000063E-10  4.35192762E+01  1.68072023E+02
  3.90447957E+00  1.60000000E+09  1.60000000E+09  7.78000058E-10  4.32214055E+01  1.64533973E+02
  3.93182332E+00  1.60000000E+09  1.60000000E+09  7.78000053E-10  4.29239360E+01  1.61071168E+02
  3.95916707E+00  1.60000000E+09  1.60000000E+09  7.78000048E-10  4.26268350E+01  1.57682033E+02
  3.98651082E+00  1.60000000E+09  1.60000000E+09  7.78000045E-10  4.23300722E+01  1.54365026E+02
  4.01385457E+00  1.60000000E+09  1.60000000E+09  7.78000041E-10  4.20336199E+01  1.51118637E+02
  4.04119832E+00  1.60000000E+09  1.60000000E+09  7.78000038E-10  4.17374528E+01  1.47941390E+02
  4.06854207E+00  1.60000000E+09  1.60000000E+09  7.78000034E-10  4.14415474E+01  1.44831839E+02
  4.09588582E+00  1.60000000E+09  1.60000000E+09  7.78000032E-10  4.11458824E+01  1.41788569E+02
  4.12322957E+00  1.60000000E+09  1.60000000E+09  7.78000029E-10  4.08504381E+01  1.38810195E+02
  4.15057332E+00  1.60000000E+09  1.60000000E+09  7.78000027E-10  4.05551963E+01  1.35895363E+02
  4.17791707E+00  1.60000000E+09  1.60000000E+09  7.78000024E-10  4.02601406E+01  1.33042744E+02
  4.20526082E+00  1.60000000E+09  1.60000000E+09  7.78000022E-10  3.99652556E+01  1.30251041E+02
  4.23260457E+00  1.60000000E+09  1.60000000E+09  7.78000021E-10  3.96705275E+01  1.27518984E+02
  4.25994832E+00  1.60000000E+09  1.60000000E+09  7.78000019E-10  3.93759433E+01  1.24845327E+02
  4.28729207E+00  1.60000000E+09  1.60000000E+09  7.78000017E-10  3.90814912E+01  1.22228855E+02
  4.31463582E+00  1.60000000E+09  1.60000000E+09  7.78000016E-10  3.87871606E+01  1.19668374E+02
  4.34197957E+00  1.60000000E+09  1.60000000E+09  7.78000015E-10  3.84929413E+01  1.17162718E+02
  4.36932332E+00  1.60000000E+09  1.60000000E+09  7.78000013E-10  3.81988243E+01  1.14710745E+02
  4.39666707E+00  1.60000000E+09  1.60000000E+09  7.78000012E-10  3.79048013E+01  1.12311339E+02
  4.42401082E+00  1.60000000E+09  1.60000000E+09  7.78000011E-10  3.76108645E+01  1.09963403E+02
  4.45135457E+00  1.60000000E+09  1.60000000E+09  7.78000010E-10  3.73170068E+01  1.07665867E+02
  4.47869832E+00  1.60000000E+09  1.60000000E+09  7.78000010E-10  3.70232219E+01  1.05417683E+02
  4.50604207E+00  1.60000000E+09  1.60000000E+09  7.78000009E-10  3.67295036E+01  1.03217823E+02
  4.53338582E+00  1.60000000E+09  1.60000000E+09  7.78000008E-10  3.64358467E+01  1.01065283E+02
  4.56072957E+00  1.60000000E+09  1.60000000E+09  7.78000007E-10  3.61422460E+01  9.89590771E+01
  4.58807332E+00  1.60000000E+09  1.60000000E+09  7.78000007E-10  3.58486970E+01  9.68982426E+01
  4.61541707E+00  1.60000000E+09  1.60000000E+09  7.78000006E-10  3.55551954E+01  9.48818353E+01
  4.64276082E+00  1.60000000E+09  1.60000000E+09  7.78000006E-10  3.52617373E+01  9.29089310E+01
  4.67010457E+00  1.60000000E+09  1.60000000E+09  7.78000005E-10  3.49683192E+01  9.09786245E+01
  4.69744832E+00  1.60000000E+09  1.60000000E+09  7.78000005E-10  3.46749378E+01  8.90900292E+01
  4.72479207E+00  1.60000000E+09  1.60000000E+09  7.78000004E-10  3.43815902E+01  8.72422765E+01
  4.75213582E+00  1.60000000E+09  1.60000000E+09  7.78000004E-10  3.40882734E+01  8.54345158E+01
  4.77947957E+00  1.60000000E+09  1.60000000E+09  7.78000004E-10  3.37949851E+01  8.36659136E+01
  4.80682332E+00  1.60000000E+09  1.60000000E+09  7.78000003E-10  3.35017229E+01  8.19356533E+01
  4.83416707E+00  1.60000000E+09  1.60000000E+09  7.78000003E-10  3.32084846E+01  8.02429346E+01
  4.86151082E+00  1.60000000E+09  1.60000000E+09  7.78000003E-10  3.29152683E+01  7.85869735E+01
  4.88885457E+00  1.60000000E+09  1.60000000E+09  7.78000003E-10  3.26220722E+01  7.69670012E+01
  4.91619832E+00  1.60000000E+09  1.60000000E+09  7.78000002E-10  3.23288946E+01  7.53822644E+01
  4.94354207E+00  1.60000000E+09  1.60000000E+09  7.78000002E-10  3.20357341E+01  7.38320245E+01
  4.97088582E+00  1.60000000E+09  1.60000000E+09  7.78000002E-10  3.17425892E+01  7.23155572E+01
  4.99822957E+00  1.60000000E+09  1.60000000E+09  7.78000002E-10  3.14494586E+01  7.08321526E+01
  5.02557332E+00  1.60000000E+09  1.60000000E+09  7.78000002E-10  3.11563412E+01  6.93811139E+01
  5.05291707E+00  1.60000000E+09  1.60000000E+09  7.78000002E-10  3.08632360E+01  6.79617581E+01
  5.08026082E+00  1.60000000E+09  1.60000000E+09  7.78000001E-10  3.05701418E+01  6.65734149E+01
  5.10760457E+00  1.60000000E+09  1.60000000E+09  7.78000001E-10  3.02770578E+01  6.52154265E+01
  5.13494832E+00  1.60000000E+09  1.60000000E+09  7.78000001E-10  2.99839832E+01  6.38871476E+01
  5.16229207E+00  1.60000000E+09  1.60000000E+09  7.78000001E-10  2.96909172E+01  6.25879447E+01
  5.18963582E+00  1.60000000E+09  1.60000000E+09  7.78000001E-10  2.93978591E+01  6.13171957E+01
  5.21697957E+00  1.60000000E+09  1.60000000E+09  7.78000001E-10  2.91048083E+01  6.00742901E+01
  5.24432332E+00  1.60000000E+09  1.60000000E+09  7.78000001E-10  2.88117641E+01  5.88586282E+01
  5.27166707E+00  1.60000000E+09  1.60000000E+09  7.78000001E-10  2.85187260E+01  5.76696208E+01
  5.29901082E+00  1.60000000E+09  1.60000000E+09  7.78000001E-10  2.82256935E+01  5.65066895E+01
  5.32635457E+00  1.60000000E+09  1.60000000E+09  7.78000001E-10  2.79326662E+01  5.53692656E+01
  5.35369832E+00  1.60000000E+09  1.60000000E+09  7.78000001E-10  2.76396437E+01  5.42567905E+01
  5.38104207E+00  1.60000000E+09  1.60000000E+09  7.78000001E-10  2.73466255E+01  5.31687150E+01
  5.40838582E+00  1.60000000E+09  1.60000000E+09  7.78000001E-10  2.70536112E+01  5.21044995E+01
  5.43572957E+00  1.60000000E+09  1.60000000E+09  7.78000000E-10  2.67606007E+01  5.10636132E+01
  5.46307332E+00  1.60000000E+09  1.60000000E+09  7.78000000E-10  2.64675935E+01  5.00455344E+01
  5.49041707E+00  1.60000000E+09  1.60000000E+09  7.78000000E-10  2.61745894E+01  4.90497501E+01
  5.51776082E+00  1.60000000E+09  1.60000000E+09  7.78000000E-10  2.58815882E+01  4.80757557E+01
  5.54510457E+00  1.60000000E+09  1.60000000E+09  7.78000000E-10  2.55885896E+01  4.71230548E+01
  5.57244832E+00  1.60000000E+09  1.60000000E+09  7.78000000E-10  2.52955933E+01  4.61911595E+01
  5.59979207E+00  1.60000000E+09  1.60000000E+09  7.78000000E-10  2.50025993E+01  4.52795895E+01
  5.62713582E+00  1.60000000E+09  1.60000000E+09  7.78000000E-10  2.47096073E+01  4.43878725E+01
  5.65447957E+00  1.60000000E+09  1.60000000E+09  7.78000000E-10  2.44166171E+01  4.35155439E+01
  5.68182332E+00  1.60000000E+09  1.60000000E+09  7.78000000E-10  2.41236287E+01  4.26621467E+01
  5.70916707E+00  1.60000000E+09  1.60000000E+09  7.78000000E-10  2.38306418E+01  4.18272313E+01
  5.73651082E+00  1.60000000E+09  1.60000000E+09  7.78000000E-10  2.35376564E+01  4.10103556E+01
  5.76385457E+00  1.60000000E+09  1.60000000E+09  7.78000000E-10  2.32446723E+01  4.02110848E+01
  5.79119832E+00  1.60000000E+09  1.60000000E+09  7.78000000E-10  2.29516894E+01  3.94289910E+01
  5.81854207E+00  1.60000000E+09  1.60000000E+09  7.78000000E-10  2.26587076E+01  3.86636540E+01
  5.84588582E+00  1.60000000E+09  1.60000000E+09  7.78000000E-10  2.23657269E+01  3.79146603E+01
  5.87322957E+00  1.60000000E+09  1.60000000E+09  7.78000000E-10  2.20727471E+01  3.71816037E+01
  5.90057332E+00  1.60000000E+09  1.60000000E+09  7.78000000E-10  2.17797682E+01  3.64640849E+01
  5.92791707E+00  1.60000000E+09  1.60000000E+09  7.78000000E-10  2.14867901E+01  3.57617118E+01
  5.95526082E+00  1.60000000E+09  1.60000000E+09  7.78000000E-10  2.11938127E+01  3.50740991E+01
  5.98260457E+00  1.60000000E+09  1.60000000E+09  7.78000000E-10  2.09008359E+01  3.44008686E+01
  6.00994832E+00  1.60000000E+09  1.60000000E+09  7.78000000E-10  2.06078599E+01  3.37416491E+01
  6.03729207E+00  1.60000000E+09  1.60000000E+09  7.78000000E-10  2.03148843E+01  3.30960764E+01
  6.06463582E+00  1.60000000E+09  1.60000000E+09  7.78000000E-10  2.00219093E+01  3.24637932E+01
  6.09197957E+00  1.60000000E+09  1.60000000E+09  7.78000000E-10  1.97289348E+01  3.18444492E+01
  6.11932332E+00  1.60000000E+09  1.60000000E+09  7.78000000E-10  1.94359607E+01  3.12377011E+01
  6.14666707E+00  1.60000000E+09  1.60000000E+09  7.78000000E-10  1.91429871E+01  3.06432127E+01
  6.17401082E+00  1.60000000E+09  1.60000000E+09  7.78000000E-10  1.88500138E+01  3.00606545E+01
  6.20135457E+00  1.60000000E+09  1.60000000E+09  7.78000000E-10  1.85570408E+01  2.94897041E+01
  6.22869832E+00  1.60000000E+09  1.60000000E+09  7.78000000E-10  1.82640682E+01  2.89300459E+01
  6.25604207E+00  1.60000000E+09  1.60000000E+09  7.78000000E-10  1.79710958E+01  2.83813712E+01
  6.28338582E+00  1.60000000E+09  1.60000000E+09  7.78000000E-10  1.76781238E+01  2.78433782E+01
  6.31072957E+00  1.60000000E+09  1.60000000E+09  7.78000000E-10  1.73851520E+01  2.73157715E+01
  6.33807332E+00  1.60000000E+09  1.60000000E+09  7.78000000E-10  1.70921804E+01  2.67982626E+01
  6.36541707E+00  1.60000000E+09  1.60000000E+09  7.78000000E-10  1.67992090E+01  2.62905690E+01
  6.39276082E+00  1.60000000E+09  1.60000000E+09  7.78000000E-10  1.65062378E+01  2.57924147E+01
  6.42010457E+00  1.60000000E+09  1.60000000E+09  7.78000000E-10  1.62132668E+01  2.53035295E+01
  6.44744832E+00  1.60000000E+09  1.60000000E+09  7.78000000E-10  1.59202959E+01  2.48236488E+01
  6.47479207E+00  1.60000000E+09  1.60000000E+09  7.78000000E-10  1.56273253E+01  2.43525133E+01
  6.50213582E+00  1.60000000E+09  1.60000000E+09  7.78000000E-10  1.53343547E+01  2.38898682E+01
  6.52947957E+00  1.60000000E+09  1.60000000E+09  7.78000000E-10  1.50413843E+01  2.34354630E+01
  6.55682332E+00  1.60000000E+09  1.60000000E+09  7.78000000E-10  1.47484138E+01  2.29890502E+01
  6.58416707E+00  1.60000000E+09  1.60000000E+09  7.78000000E-10  1.44554431E+01  2.25503847E+01
  6.61151082E+00  1.60000000E+09  1.60000000E+09  7.78000000E-10  1.41624732E+01  2.21192228E+01
  6.63885457E+00  1.60000000E+09  1.60000000E+09  7.78000000E-10  1.38695078E+01  2.16953200E+01
  6.66619832E+00  1.60000000E+09  1.60000000E+09  7.77999999E-10  1.35765476E+01  2.12784301E+01
  6.69354207E+00  1.60000000E+09  1.60000000E+09  7.77999997E-10  1.32835685E+01  2.08683021E+01
  6.72088582E+00  1.60000000E+09  1.60000000E+09  7.77999997E-10  1.29905119E+01  2.04646782E+01
  6.74822957E+00  1.60000000E+09  1.60000000E+09  7.78000025E-10  1.26973902E+01  2.00672898E+01
  6.77557332E+00  1.60000000E+09  1.60000000E+09  7.78000076E-10  1.24045612E+01  1.96758537E+01
  6.80291707E+00  1.60000000E+09  1.60000000E+09  7.78000067E-10  1.21127707E+01  1.92900653E+01
  6.83026082E+00  1.60000000E+09  1.60000000E+09  7.77999564E-10  1.18219681E+01  1.89095888E+01
  6.85760457E+00  1.60000000E+09  1.60000000E+09  7.77998276E-10  1.15286902E+01  1.85340487E+01
  6.88494832E+00  1.60000000E+09  1.60000000E+09  7.77997761E-10  1.12251861E+01  1.81630268E+01
  6.91229207E+00  1.60000000E+09  1.60000000E+09  7.78000897E-10  1.09069390E+01  1.77960655E+01
  6.93963582E+00  1.60000000E+09  1.60000000E+09  7.78019568E-10  1.05904480E+01  1.74326740E+01
  6.96697957E+00  1.60000000E+09  1.60000000E+09  7.78046448E-10  1.03203348E+01  1.70722450E+01
  6.99432332E+00  1.60000000E+09  1.60000000E+09  7.78055671E-10  1.01384387E+01  1.67139157E+01
  7.02166707E+00  1.60000000E+09  1.60000000E+09  7.78045440E-10  1.00461406E+01  1.63563655E+01
  7.04901082E+00  1.60000000E+09  1.60000000E+09  7.78019176E-10  1.00115455E+01  1.59976106E+01
  7.07635457E+00  1.60000000E+09  1.60000000E+09  7.78005059E-10  1.00020989E+01  1.56349376E+01
  7.10369832E+00  1.60000000E+09  1.60000000E+09  7.78000915E-10  1.00002634E+01  1.52665597E+01
  7.13104207E+00  1.60000000E+09  1.60000000E+09  7.78000105E-10  1.00000211E+01  1.48835268E+01
  7.15838582E+00  1.60000000E+09  1.60000000E+09  7.78000006E-10  1.00000011E+01  1.41714000E+01
