ZEUS-MP field variables at time =  4.00137150E+03

 x1b (comoving)          x2b             x3b         density         Tgas            Trad 
  8.13946175E-01  1.60000000E+09  1.60000000E+09  6.72340360E-09  3.44120250E+03  3.44618327E+03
  8.41289925E-01  1.60000000E+09  1.60000000E+09  6.81667770E-09  3.43628197E+03  3.44777098E+03
  8.68633675E-01  1.60000000E+09  1.60000000E+09  5.79884935E-09  3.49236900E+03  3.45660779E+03
  8.95977425E-01  1.60000000E+09  1.60000000E+09  3.54442846E-09  3.57411501E+03  3.45417858E+03
  9.23321175E-01  1.60000000E+09  1.60000000E+09  2.14679872E-09  3.65884634E+03  3.44103094E+03
  9.50664925E-01  1.60000000E+09  1.60000000E+09  1.44082439E-09  3.67986495E+03  3.42343525E+03
  9.78008675E-01  1.60000000E+09  1.60000000E+09  1.08225492E-09  3.59380169E+03  3.40475500E+03
  1.00535242E+00  1.60000000E+09  1.60000000E+09  8.99189999E-10  3.46688475E+03  3.38639102E+03
  1.03269617E+00  1.60000000E+09  1.60000000E+09  8.15000961E-10  3.38336578E+03  3.36853442E+03
  1.06003992E+00  1.60000000E+09  1.60000000E+09  7.87909561E-10  3.34586824E+03  3.35276895E+03
  1.08738367E+00  1.60000000E+09  1.60000000E+09  7.84047227E-10  3.32759528E+03  3.33797879E+03
  1.11472742E+00  1.60000000E+09  1.60000000E+09  7.83933999E-10  3.31273954E+03  3.32339074E+03
  1.14207117E+00  1.60000000E+09  1.60000000E+09  7.84155021E-10  3.29778846E+03  3.30871833E+03
  1.16941492E+00  1.60000000E+09  1.60000000E+09  7.84309030E-10  3.28269170E+03  3.29389943E+03
  1.19675867E+00  1.60000000E+09  1.60000000E+09  7.84454756E-10  3.26742453E+03  3.27892949E+03
  1.22410242E+00  1.60000000E+09  1.60000000E+09  7.84594058E-10  3.25199282E+03  3.26380563E+03
  1.25144617E+00  1.60000000E+09  1.60000000E+09  7.84724815E-10  3.23638925E+03  3.24852381E+03
  1.27878992E+00  1.60000000E+09  1.60000000E+09  7.84847962E-10  3.22060927E+03  3.23308000E+03
  1.30613367E+00  1.60000000E+09  1.60000000E+09  7.84963721E-10  3.20464777E+03  3.21746996E+03
  1.33347742E+00  1.60000000E+09  1.60000000E+09  7.85072403E-10  3.18849932E+03  3.20168927E+03
  1.36082117E+00  1.60000000E+09  1.60000000E+09  7.85174306E-10  3.17215824E+03  3.18573328E+03
  1.38816492E+00  1.60000000E+09  1.60000000E+09  7.85269708E-10  3.15561851E+03  3.16959714E+03
  1.41550867E+00  1.60000000E+09  1.60000000E+09  7.85358863E-10  3.13887380E+03  3.15327573E+03
  1.44285242E+00  1.60000000E+09  1.60000000E+09  7.85442006E-10  3.12191738E+03  3.13676369E+03
  1.47019617E+00  1.60000000E+09  1.60000000E+09  7.85519343E-10  3.10474215E+03  3.12005541E+03
  1.49753992E+00  1.60000000E+09  1.60000000E+09  7.85591063E-10  3.08734055E+03  3.10314497E+03
  1.52488367E+00  1.60000000E+09  1.60000000E+09  7.85657336E-10  3.06970457E+03  3.08602612E+03
  1.55222742E+00  1.60000000E+09  1.60000000E+09  7.85718316E-10  3.05182567E+03  3.06869231E+03
  1.57957117E+00  1.60000000E+09  1.60000000E+09  7.85774144E-10  3.03369475E+03  3.05113661E+03
  1.60691492E+00  1.60000000E+09  1.60000000E+09  7.85824954E-10  3.01530209E+03  3.03335171E+03
  1.63425867E+00  1.60000000E+09  1.60000000E+09  7.85870871E-10  2.99663732E+03  3.01532989E+03
  1.66160242E+00  1.60000000E+09  1.60000000E+09  7.85912006E-10  2.97768927E+03  2.99706297E+03
  1.68894617E+00  1.60000000E+09  1.60000000E+09  7.85948476E-10  2.95844597E+03  2.97854228E+03
  1.71628992E+00  1.60000000E+09  1.60000000E+09  7.85980383E-10  2.93889453E+03  2.95975863E+03
  1.74363367E+00  1.60000000E+09  1.60000000E+09  7.86007791E-10  2.91902101E+03  2.94070226E+03
  1.77097742E+00  1.60000000E+09  1.60000000E+09  7.86030790E-10  2.89881034E+03  2.92136278E+03
  1.79832117E+00  1.60000000E+09  1.60000000E+09  7.86049528E-10  2.87824612E+03  2.90172913E+03
  1.82566492E+00  1.60000000E+09  1.60000000E+09  7.86063956E-10  2.85731043E+03  2.88178948E+03
  1.85300867E+00  1.60000000E+09  1.60000000E+09  7.86073953E-10  2.83598377E+03  2.86153123E+03
  1.88035242E+00  1.60000000E+09  1.60000000E+09  7.86079990E-10  2.81424460E+03  2.84094084E+03
  1.90769617E+00  1.60000000E+09  1.60000000E+09  7.86082556E-10  2.79206906E+03  2.82000387E+03
  1.93503992E+00  1.60000000E+09  1.60000000E+09  7.86079896E-10  2.76943078E+03  2.79870474E+03
  1.96238367E+00  1.60000000E+09  1.60000000E+09  7.86073310E-10  2.74629995E+03  2.77702671E+03
  1.98972742E+00  1.60000000E+09  1.60000000E+09  7.86062452E-10  2.72264310E+03  2.75495175E+03
  2.01707117E+00  1.60000000E+09  1.60000000E+09  7.86047291E-10  2.69842184E+03  2.73246041E+03
  2.04441492E+00  1.60000000E+09  1.60000000E+09  7.86027718E-10  2.67359184E+03  2.70953162E+03
  2.07175867E+00  1.60000000E+09  1.60000000E+09  7.86003610E-10  2.64810111E+03  2.68614264E+03
  2.09910242E+00  1.60000000E+09  1.60000000E+09  7.85974807E-10  2.62188781E+03  2.66226879E+03
  2.12644617E+00  1.60000000E+09  1.60000000E+09  7.85941107E-10  2.59487727E+03  2.63788336E+03
  2.15378992E+00  1.60000000E+09  1.60000000E+09  7.85902247E-10  2.56697801E+03  2.61295745E+03
  2.18113367E+00  1.60000000E+09  1.60000000E+09  7.85857882E-10  2.53807657E+03  2.58745983E+03
  2.20847742E+00  1.60000000E+09  1.60000000E+09  7.85807556E-10  2.50803099E+03  2.56135692E+03
  2.23582117E+00  1.60000000E+09  1.60000000E+09  7.85750669E-10  2.47666278E+03  2.53461284E+03
  2.26316492E+00  1.60000000E+09  1.60000000E+09  7.85686444E-10  2.44374782E+03  2.50718961E+03
  2.29050867E+00  1.60000000E+09  1.60000000E+09  7.85613891E-10  2.40900659E+03  2.47904767E+03
  2.31785242E+00  1.60000000E+09  1.60000000E+09  7.85531772E-10  2.37209532E+03  2.45014672E+03
  2.34519617E+00  1.60000000E+09  1.60000000E+09  7.85438587E-10  2.33260020E+03  2.42044698E+03
  2.37253992E+00  1.60000000E+09  1.60000000E+09  7.85332575E-10  2.29003799E+03  2.38991117E+03
  2.39988367E+00  1.60000000E+09  1.60000000E+09  7.85211760E-10  2.24386725E+03  2.35850707E+03
  2.42722742E+00  1.60000000E+09  1.60000000E+09  7.85074043E-10  2.19351471E+03  2.32621089E+03
  2.45457117E+00  1.60000000E+09  1.60000000E+09  7.84917376E-10  2.13842030E+03  2.29301124E+03
  2.48191492E+00  1.60000000E+09  1.60000000E+09  7.84739986E-10  2.07810122E+03  2.25891344E+03
  2.50925867E+00  1.60000000E+09  1.60000000E+09  7.84540663E-10  2.01223010E+03  2.22394374E+03
  2.53660242E+00  1.60000000E+09  1.60000000E+09  7.84319054E-10  1.94071574E+03  2.18815251E+03
  2.56394617E+00  1.60000000E+09  1.60000000E+09  7.84075901E-10  1.86376899E+03  2.15161588E+03
  2.59128992E+00  1.60000000E+09  1.60000000E+09  7.83813161E-10  1.78193504E+03  2.11443486E+03
  2.61863367E+00  1.60000000E+09  1.60000000E+09  7.83533963E-10  1.69607876E+03  2.07673186E+03
  2.64597742E+00  1.60000000E+09  1.60000000E+09  7.83242376E-10  1.60732119E+03  2.03864470E+03
  2.67332117E+00  1.60000000E+09  1.60000000E+09  7.82943057E-10  1.51693892E+03  2.00031920E+03
  2.70066492E+00  1.60000000E+09  1.60000000E+09  7.82640831E-10  1.42624797E+03  1.96190130E+03
  2.72800867E+00  1.60000000E+09  1.60000000E+09  7.82340292E-10  1.33649553E+03  1.92353003E+03
  2.75535242E+00  1.60000000E+09  1.60000000E+09  7.82045501E-10  1.24877721E+03  1.88533213E+03
  2.78269617E+00  1.60000000E+09  1.60000000E+09  7.81759801E-10  1.16398778E+03  1.84741866E+03
  2.81003992E+00  1.60000000E+09  1.60000000E+09  7.81485746E-10  1.08280418E+03  1.80988347E+03
  2.83738367E+00  1.60000000E+09  1.60000000E+09  7.81225124E-10  1.00569355E+03  1.77280330E+03
  2.86472742E+00  1.60000000E+09  1.60000000E+09  7.80979047E-10  9.32937277E+02  1.73623894E+03
  2.89207117E+00  1.60000000E+09  1.60000000E+09  7.80748061E-10  8.64662699E+02  1.70023695E+03
  2.91941492E+00  1.60000000E+09  1.60000000E+09  7.80532263E-10  8.00876183E+02  1.66483171E+03
  2.94675867E+00  1.60000000E+09  1.60000000E+09  7.80331421E-10  7.41493801E+02  1.63004743E+03
  2.97410242E+00  1.60000000E+09  1.60000000E+09  7.80145061E-10  6.86367643E+02  1.59590004E+03
  3.00144617E+00  1.60000000E+09  1.60000000E+09  7.79972554E-10  6.35307198E+02  1.56239885E+03
  3.02878992E+00  1.60000000E+09  1.60000000E+09  7.79813172E-10  5.88096005E+02  1.52954791E+03
  3.05613367E+00  1.60000000E+09  1.60000000E+09  7.79666133E-10  5.44504176E+02  1.49734721E+03
  3.08347742E+00  1.60000000E+09  1.60000000E+09  7.79530639E-10  5.04297522E+02  1.46579361E+03
  3.11082117E+00  1.60000000E+09  1.60000000E+09  7.79405896E-10  4.67244000E+02  1.43488160E+03
  3.13816492E+00  1.60000000E+09  1.60000000E+09  7.79291132E-10  4.33118090E+02  1.40460388E+03
  3.16550867E+00  1.60000000E+09  1.60000000E+09  7.79185605E-10  4.01703649E+02  1.37495183E+03
  3.19285242E+00  1.60000000E+09  1.60000000E+09  7.79088613E-10  3.72795628E+02  1.34591589E+03
  3.22019617E+00  1.60000000E+09  1.60000000E+09  7.78999495E-10  3.46200988E+02  1.31748582E+03
  3.24753992E+00  1.60000000E+09  1.60000000E+09  7.78917631E-10  3.21739040E+02  1.28965093E+03
  3.27488367E+00  1.60000000E+09  1.60000000E+09  7.78842445E-10  2.99241402E+02  1.26240024E+03
  3.30222742E+00  1.60000000E+09  1.60000000E+09  7.78773402E-10  2.78551685E+02  1.23572261E+03
  3.32957117E+00  1.60000000E+09  1.60000000E+09  7.78710007E-10  2.59525019E+02  1.20960682E+03
  3.35691492E+00  1.60000000E+09  1.60000000E+09  7.78651802E-10  2.42027473E+02  1.18404168E+03
  3.38425867E+00  1.60000000E+09  1.60000000E+09  7.78598366E-10  2.25935418E+02  1.15901603E+03
  3.41160242E+00  1.60000000E+09  1.60000000E+09  7.78549310E-10  2.11134880E+02  1.13451886E+03
  3.43894617E+00  1.60000000E+09  1.60000000E+09  7.78504276E-10  1.97520877E+02  1.11053923E+03
  3.46628992E+00  1.60000000E+09  1.60000000E+09  7.78462935E-10  1.84996785E+02  1.08706642E+03
  3.49363367E+00  1.60000000E+09  1.60000000E+09  7.78424984E-10  1.73473723E+02  1.06408983E+03
  3.52097742E+00  1.60000000E+09  1.60000000E+09  7.78390146E-10  1.62869968E+02  1.04159906E+03
  3.54832117E+00  1.60000000E+09  1.60000000E+09  7.78358166E-10  1.53110404E+02  1.01958389E+03
  3.57566492E+00  1.60000000E+09  1.60000000E+09  7.78328809E-10  1.44126009E+02  9.98034317E+02
  3.60300867E+00  1.60000000E+09  1.60000000E+09  7.78301860E-10  1.35853371E+02  9.76940499E+02
  3.63035242E+00  1.60000000E+09  1.60000000E+09  7.78277121E-10  1.28234245E+02  9.56292810E+02
  3.65769617E+00  1.60000000E+09  1.60000000E+09  7.78254411E-10  1.21215135E+02  9.36081812E+02
  3.68503992E+00  1.60000000E+09  1.60000000E+09  7.78233563E-10  1.14746914E+02  9.16298264E+02
  3.71238367E+00  1.60000000E+09  1.60000000E+09  7.78214424E-10  1.08784471E+02  8.96933113E+02
  3.73972742E+00  1.60000000E+09  1.60000000E+09  7.78196855E-10  1.03286384E+02  8.77977498E+02
  3.76707117E+00  1.60000000E+09  1.60000000E+09  7.78180726E-10  9.82146196E+01  8.59422742E+02
  3.79441492E+00  1.60000000E+09  1.60000000E+09  7.78165920E-10  9.35342580E+01  8.41260351E+02
  3.82175867E+00  1.60000000E+09  1.60000000E+09  7.78152326E-10  8.92132385E+01  8.23482014E+02
  3.84910242E+00  1.60000000E+09  1.60000000E+09  7.78139848E-10  8.52221262E+01  8.06079592E+02
  3.87644617E+00  1.60000000E+09  1.60000000E+09  7.78128391E-10  8.15338969E+01  7.89045122E+02
  3.90378992E+00  1.60000000E+09  1.60000000E+09  7.78117874E-10  7.81237402E+01  7.72370809E+02
  3.93113367E+00  1.60000000E+09  1.60000000E+09  7.78108219E-10  7.49688781E+01  7.56049023E+02
  3.95847742E+00  1.60000000E+09  1.60000000E+09  7.78099355E-10  7.20483990E+01  7.40072299E+02
  3.98582117E+00  1.60000000E+09  1.60000000E+09  7.78091217E-10  6.93431040E+01  7.24433329E+02
  4.01316492E+00  1.60000000E+09  1.60000000E+09  7.78083745E-10  6.68353676E+01  7.09124962E+02
  4.04050867E+00  1.60000000E+09  1.60000000E+09  7.78076886E-10  6.45090080E+01  6.94140198E+02
  4.06785242E+00  1.60000000E+09  1.60000000E+09  7.78070589E-10  6.23491694E+01  6.79472187E+02
  4.09519617E+00  1.60000000E+09  1.60000000E+09  7.78064808E-10  6.03422127E+01  6.65114225E+02
  4.12253992E+00  1.60000000E+09  1.60000000E+09  7.78059500E-10  5.84756166E+01  6.51059749E+02
  4.14988367E+00  1.60000000E+09  1.60000000E+09  7.78054627E-10  5.67378851E+01  6.37302337E+02
  4.17722742E+00  1.60000000E+09  1.60000000E+09  7.78050154E-10  5.51184642E+01  6.23835704E+02
  4.20457117E+00  1.60000000E+09  1.60000000E+09  7.78046046E-10  5.36076646E+01  6.10653699E+02
  4.23191492E+00  1.60000000E+09  1.60000000E+09  7.78042275E-10  5.21965903E+01  5.97750298E+02
  4.25925867E+00  1.60000000E+09  1.60000000E+09  7.78038813E-10  5.08770743E+01  5.85119610E+02
  4.28660242E+00  1.60000000E+09  1.60000000E+09  7.78035635E-10  4.96416184E+01  5.72755866E+02
  4.31394617E+00  1.60000000E+09  1.60000000E+09  7.78032717E-10  4.84833387E+01  5.60653421E+02
  4.34128992E+00  1.60000000E+09  1.60000000E+09  7.78030038E-10  4.73959151E+01  5.48806748E+02
  4.36863367E+00  1.60000000E+09  1.60000000E+09  7.78027578E-10  4.63735450E+01  5.37210439E+02
  4.39597742E+00  1.60000000E+09  1.60000000E+09  7.78025320E-10  4.54109012E+01  5.25859200E+02
  4.42332117E+00  1.60000000E+09  1.60000000E+09  7.78023246E-10  4.45030928E+01  5.14747849E+02
  4.45066492E+00  1.60000000E+09  1.60000000E+09  7.78021343E-10  4.36456293E+01  5.03871314E+02
  4.47800867E+00  1.60000000E+09  1.60000000E+09  7.78019595E-10  4.28343882E+01  4.93224632E+02
  4.50535242E+00  1.60000000E+09  1.60000000E+09  7.78017991E-10  4.20655844E+01  4.82802942E+02
  4.53269617E+00  1.60000000E+09  1.60000000E+09  7.78016517E-10  4.13357428E+01  4.72601490E+02
  4.56003992E+00  1.60000000E+09  1.60000000E+09  7.78015165E-10  4.06416731E+01  4.62615618E+02
  4.58738367E+00  1.60000000E+09  1.60000000E+09  7.78013923E-10  3.99804461E+01  4.52840771E+02
  4.61472742E+00  1.60000000E+09  1.60000000E+09  7.78012783E-10  3.93493723E+01  4.43272487E+02
  4.64207117E+00  1.60000000E+09  1.60000000E+09  7.78011736E-10  3.87459829E+01  4.33906402E+02
  4.66941492E+00  1.60000000E+09  1.60000000E+09  7.78010775E-10  3.81680108E+01  4.24738240E+02
  4.69675867E+00  1.60000000E+09  1.60000000E+09  7.78009893E-10  3.76133747E+01  4.15763820E+02
  4.72410242E+00  1.60000000E+09  1.60000000E+09  7.78009083E-10  3.70801640E+01  4.06979046E+02
  4.75144617E+00  1.60000000E+09  1.60000000E+09  7.78008339E-10  3.65666242E+01  3.98379911E+02
  4.77878992E+00  1.60000000E+09  1.60000000E+09  7.78007656E-10  3.60711446E+01  3.89962491E+02
  4.80613367E+00  1.60000000E+09  1.60000000E+09  7.78007030E-10  3.55922464E+01  3.81722946E+02
  4.83347742E+00  1.60000000E+09  1.60000000E+09  7.78006454E-10  3.51285719E+01  3.73657517E+02
  4.86082117E+00  1.60000000E+09  1.60000000E+09  7.78005926E-10  3.46788745E+01  3.65762525E+02
  4.88816492E+00  1.60000000E+09  1.60000000E+09  7.78005440E-10  3.42420098E+01  3.58034367E+02
  4.91550867E+00  1.60000000E+09  1.60000000E+09  7.78004995E-10  3.38169271E+01  3.50469519E+02
  4.94285242E+00  1.60000000E+09  1.60000000E+09  7.78004586E-10  3.34026615E+01  3.43064529E+02
  4.97019617E+00  1.60000000E+09  1.60000000E+09  7.78004210E-10  3.29983274E+01  3.35816019E+02
  4.99753992E+00  1.60000000E+09  1.60000000E+09  7.78003866E-10  3.26031117E+01  3.28720682E+02
  5.02488367E+00  1.60000000E+09  1.60000000E+09  7.78003549E-10  3.22162676E+01  3.21775283E+02
  5.05222742E+00  1.60000000E+09  1.60000000E+09  7.78003259E-10  3.18371097E+01  3.14976652E+02
  5.07957117E+00  1.60000000E+09  1.60000000E+09  7.78002992E-10  3.14650087E+01  3.08321688E+02
  5.10691492E+00  1.60000000E+09  1.60000000E+09  7.78002747E-10  3.10993867E+01  3.01807355E+02
  5.13425867E+00  1.60000000E+09  1.60000000E+09  7.78002522E-10  3.07397132E+01  2.95430683E+02
  5.16160242E+00  1.60000000E+09  1.60000000E+09  7.78002316E-10  3.03855013E+01  2.89188761E+02
  5.18894617E+00  1.60000000E+09  1.60000000E+09  7.78002126E-10  3.00363036E+01  2.83078742E+02
  5.21628992E+00  1.60000000E+09  1.60000000E+09  7.78001952E-10  2.96917096E+01  2.77097840E+02
  5.24363367E+00  1.60000000E+09  1.60000000E+09  7.78001792E-10  2.93513424E+01  2.71243326E+02
  5.27097742E+00  1.60000000E+09  1.60000000E+09  7.78001645E-10  2.90148560E+01  2.65512529E+02
  5.29832117E+00  1.60000000E+09  1.60000000E+09  7.78001511E-10  2.86819324E+01  2.59902836E+02
  5.32566492E+00  1.60000000E+09  1.60000000E+09  7.78001387E-10  2.83522801E+01  2.54411686E+02
  5.35300867E+00  1.60000000E+09  1.60000000E+09  7.78001273E-10  2.80256312E+01  2.49036576E+02
  5.38035242E+00  1.60000000E+09  1.60000000E+09  7.78001169E-10  2.77017397E+01  2.43775052E+02
  5.40769617E+00  1.60000000E+09  1.60000000E+09  7.78001074E-10  2.73803799E+01  2.38624716E+02
  5.43503992E+00  1.60000000E+09  1.60000000E+09  7.78000986E-10  2.70613445E+01  2.33583217E+02
  5.46238367E+00  1.60000000E+09  1.60000000E+09  7.78000905E-10  2.67444432E+01  2.28648256E+02
  5.48972742E+00  1.60000000E+09  1.60000000E+09  7.78000831E-10  2.64295012E+01  2.23817580E+02
  5.51707117E+00  1.60000000E+09  1.60000000E+09  7.78000763E-10  2.61163582E+01  2.19088987E+02
  5.54441492E+00  1.60000000E+09  1.60000000E+09  7.78000700E-10  2.58048668E+01  2.14460320E+02
  5.57175867E+00  1.60000000E+09  1.60000000E+09  7.78000643E-10  2.54948918E+01  2.09929466E+02
  5.59910242E+00  1.60000000E+09  1.60000000E+09  7.78000590E-10  2.51863090E+01  2.05494358E+02
  5.62644617E+00  1.60000000E+09  1.60000000E+09  7.78000542E-10  2.48790045E+01  2.01152973E+02
  5.65378992E+00  1.60000000E+09  1.60000000E+09  7.78000498E-10  2.45728736E+01  1.96903331E+02
  5.68113367E+00  1.60000000E+09  1.60000000E+09  7.78000457E-10  2.42678202E+01  1.92743493E+02
  5.70847742E+00  1.60000000E+09  1.60000000E+09  7.78000420E-10  2.39637560E+01  1.88671560E+02
  5.73582117E+00  1.60000000E+09  1.60000000E+09  7.78000385E-10  2.36606002E+01  1.84685675E+02
  5.76316492E+00  1.60000000E+09  1.60000000E+09  7.78000354E-10  2.33582783E+01  1.80784019E+02
  5.79050867E+00  1.60000000E+09  1.60000000E+09  7.78000325E-10  2.30567220E+01  1.76964812E+02
  5.81785242E+00  1.60000000E+09  1.60000000E+09  7.78000298E-10  2.27558687E+01  1.73226312E+02
  5.84519617E+00  1.60000000E+09  1.60000000E+09  7.78000274E-10  2.24556608E+01  1.69566812E+02
  5.87253992E+00  1.60000000E+09  1.60000000E+09  7.78000251E-10  2.21560455E+01  1.65984643E+02
  5.89988367E+00  1.60000000E+09  1.60000000E+09  7.78000231E-10  2.18569742E+01  1.62478171E+02
  5.92722742E+00  1.60000000E+09  1.60000000E+09  7.78000212E-10  2.15584024E+01  1.59045794E+02
  5.95457117E+00  1.60000000E+09  1.60000000E+09  7.78000195E-10  2.12602892E+01  1.55685948E+02
  5.98191492E+00  1.60000000E+09  1.60000000E+09  7.78000179E-10  2.09625971E+01  1.52397098E+02
  6.00925867E+00  1.60000000E+09  1.60000000E+09  7.78000164E-10  2.06652916E+01  1.49177744E+02
  6.03660242E+00  1.60000000E+09  1.60000000E+09  7.78000151E-10  2.03683410E+01  1.46026416E+02
  6.06394617E+00  1.60000000E+09  1.60000000E+09  7.78000138E-10  2.00717163E+01  1.42941678E+02
  6.09128992E+00  1.60000000E+09  1.60000000E+09  7.78000127E-10  1.97753909E+01  1.39922120E+02
  6.11863367E+00  1.60000000E+09  1.60000000E+09  7.78000117E-10  1.94793401E+01  1.36966365E+02
  6.14597742E+00  1.60000000E+09  1.60000000E+09  7.78000107E-10  1.91835415E+01  1.34073064E+02
  6.17332117E+00  1.60000000E+09  1.60000000E+09  7.78000098E-10  1.88879746E+01  1.31240897E+02
  6.20066492E+00  1.60000000E+09  1.60000000E+09  7.78000090E-10  1.85926202E+01  1.28468570E+02
  6.22800867E+00  1.60000000E+09  1.60000000E+09  7.78000083E-10  1.82974609E+01  1.25754819E+02
  6.25535242E+00  1.60000000E+09  1.60000000E+09  7.78000077E-10  1.80024810E+01  1.23098405E+02
  6.28269617E+00  1.60000000E+09  1.60000000E+09  7.78000071E-10  1.77076658E+01  1.20498115E+02
  6.31003992E+00  1.60000000E+09  1.60000000E+09  7.78000064E-10  1.74130021E+01  1.17952763E+02
  6.33738367E+00  1.60000000E+09  1.60000000E+09  7.78000057E-10  1.71184773E+01  1.15461188E+02
  6.36472742E+00  1.60000000E+09  1.60000000E+09  7.78000051E-10  1.68240787E+01  1.13022252E+02
  6.39207117E+00  1.60000000E+09  1.60000000E+09  7.78000048E-10  1.65297937E+01  1.10634841E+02
  6.41941492E+00  1.60000000E+09  1.60000000E+09  7.78000050E-10  1.62356121E+01  1.08297867E+02
  6.44675867E+00  1.60000000E+09  1.60000000E+09  7.78000058E-10  1.59415317E+01  1.06010263E+02
  6.47410242E+00  1.60000000E+09  1.60000000E+09  7.78000060E-10  1.56475607E+01  1.03770985E+02
  6.50144617E+00  1.60000000E+09  1.60000000E+09  7.78000043E-10  1.53537082E+01  1.01579011E+02
  6.52878992E+00  1.60000000E+09  1.60000000E+09  7.77999963E-10  1.50599554E+01  9.94333409E+01
  6.55613367E+00  1.60000000E+09  1.60000000E+09  7.77999861E-10  1.47662180E+01  9.73329964E+01
  6.58347742E+00  1.60000000E+09  1.60000000E+09  7.77999825E-10  1.44723496E+01  9.52770191E+01
  6.61082117E+00  1.60000000E+09  1.60000000E+09  7.77999991E-10  1.41782458E+01  9.32644703E+01
  6.63816492E+00  1.60000000E+09  1.60000000E+09  7.78000961E-10  1.38840630E+01  9.12944324E+01
  6.66550867E+00  1.60000000E+09  1.60000000E+09  7.78002249E-10  1.35904210E+01  8.93660045E+01
  6.69285242E+00  1.60000000E+09  1.60000000E+09  7.78002677E-10  1.32982983E+01  8.74783072E+01
  6.72019617E+00  1.60000000E+09  1.60000000E+09  7.78001391E-10  1.30083554E+01  8.56304903E+01
  6.74753992E+00  1.60000000E+09  1.60000000E+09  7.77991264E-10  1.27197475E+01  8.38217153E+01
  6.77488367E+00  1.60000000E+09  1.60000000E+09  7.77971189E-10  1.24290890E+01  8.20511762E+01
  6.80222742E+00  1.60000000E+09  1.60000000E+09  7.77957342E-10  1.21306932E+01  8.03180902E+01
  6.82957117E+00  1.60000000E+09  1.60000000E+09  7.77955138E-10  1.18190065E+01  7.86216377E+01
  6.85691492E+00  1.60000000E+09  1.60000000E+09  7.77975249E-10  1.14934417E+01  7.69609713E+01
  6.88425867E+00  1.60000000E+09  1.60000000E+09  7.78095920E-10  1.11636754E+01  7.53352572E+01
  6.91160242E+00  1.60000000E+09  1.60000000E+09  7.78356179E-10  1.08502947E+01  7.37435778E+01
  6.93894617E+00  1.60000000E+09  1.60000000E+09  7.78617916E-10  1.05774653E+01  7.21850165E+01
  6.96628992E+00  1.60000000E+09  1.60000000E+09  7.78743595E-10  1.03624339E+01  7.06589979E+01
  6.99363367E+00  1.60000000E+09  1.60000000E+09  7.78763119E-10  1.02096825E+01  6.91652031E+01
  7.02097742E+00  1.60000000E+09  1.60000000E+09  7.78687498E-10  1.01119098E+01  6.77030912E+01
  7.04832117E+00  1.60000000E+09  1.60000000E+09  7.78467788E-10  1.00553691E+01  6.62721591E+01
  7.07566492E+00  1.60000000E+09  1.60000000E+09  7.78258170E-10  1.00256988E+01  6.48719541E+01
  7.10300867E+00  1.60000000E+09  1.60000000E+09  7.78125978E-10  1.00114904E+01  6.35017009E+01
  7.13035242E+00  1.60000000E+09  1.60000000E+09  7.78055901E-10  1.00052342E+01  6.21606382E+01
  7.15769617E+00  1.60000000E+09  1.60000000E+09  7.78022691E-10  1.00026674E+01  6.08480661E+01
  7.18503992E+00  1.60000000E+09  1.60000000E+09  7.78008438E-10  1.00016576E+01  5.95633398E+01
  7.21238367E+00  1.60000000E+09  1.60000000E+09  7.78002878E-10  1.00012516E+01  5.83058537E+01
  7.23972742E+00  1.60000000E+09  1.60000000E+09  7.78000902E-10  1.00010652E+01  5.70750293E+01
  7.26707117E+00  1.60000000E+09  1.60000000E+09  7.78000261E-10  1.00009556E+01  5.58703077E+01
  7.29441492E+00  1.60000000E+09  1.60000000E+09  7.78000070E-10  1.00008727E+01  5.46911458E+01
  7.32175867E+00  1.60000000E+09  1.60000000E+09  7.78000018E-10  1.00007998E+01  5.35370141E+01
  7.34910242E+00  1.60000000E+09  1.60000000E+09  7.78000006E-10  1.00007324E+01  5.24073966E+01
  7.37644617E+00  1.60000000E+09  1.60000000E+09  7.78000003E-10  1.00006696E+01  5.13017904E+01
  7.40378992E+00  1.60000000E+09  1.60000000E+09  7.78000002E-10  1.00006113E+01  5.02197055E+01
  7.43113367E+00  1.60000000E+09  1.60000000E+09  7.78000002E-10  1.00005571E+01  4.91606654E+01
  7.45847742E+00  1.60000000E+09  1.60000000E+09  7.78000002E-10  1.00005066E+01  4.81242073E+01
  7.48582117E+00  1.60000000E+09  1.60000000E+09  7.78000002E-10  1.00004594E+01  4.71098825E+01
  7.51316492E+00  1.60000000E+09  1.60000000E+09  7.78000002E-10  1.00004149E+01  4.61172566E+01
  7.54050867E+00  1.60000000E+09  1.60000000E+09  7.78000002E-10  1.00003727E+01  4.51459109E+01
  7.56785242E+00  1.60000000E+09  1.60000000E+09  7.78000002E-10  1.00003324E+01  4.41954430E+01
  7.59519617E+00  1.60000000E+09  1.60000000E+09  7.78000003E-10  1.00002935E+01  4.32654679E+01
  7.62253992E+00  1.60000000E+09  1.60000000E+09  7.78000003E-10  1.00002556E+01  4.23556196E+01
  7.64988367E+00  1.60000000E+09  1.60000000E+09  7.78000003E-10  1.00002182E+01  4.14655519E+01
  7.67722742E+00  1.60000000E+09  1.60000000E+09  7.78000002E-10  1.00001808E+01  4.05949253E+01
  7.70457117E+00  1.60000000E+09  1.60000000E+09  7.78000002E-10  1.00001428E+01  3.97435376E+01
  7.73191492E+00  1.60000000E+09  1.60000000E+09  7.78000002E-10  1.00001039E+01  3.89146356E+01
  7.75925867E+00  1.60000000E+09  1.60000000E+09  7.78000001E-10  1.00000640E+01  3.81098118E+01
  7.78660242E+00  1.60000000E+09  1.60000000E+09  7.78000000E-10  1.00000256E+01  3.66754074E+01
